0 0.27187 0.76771 0.03125 0.06042
1 0.06914 0.19740 0.03359 0.07812
1 0.10117 0.18906 0.03359 0.08438
1 0.16914 0.19219 0.03516 0.08646
1 0.20273 0.18906 0.03516 0.08021
1 0.26836 0.20260 0.03516 0.06146
1 0.30117 0.20000 0.03672 0.05833
1 0.38203 0.19948 0.04063 0.06771
1 0.46367 0.20625 0.03516 0.06875
1 0.49453 0.21198 0.02656 0.06563
1 0.57227 0.20833 0.03672 0.07292
1 0.67266 0.20625 0.04375 0.07292
1 0.73906 0.20417 0.03906 0.07708
1 0.78203 0.20677 0.04063 0.08646
1 0.83633 0.21354 0.03203 0.07708
1 0.86914 0.20417 0.03672 0.07292
1 0.93359 0.21302 0.02813 0.08438
1 0.96328 0.22396 0.02813 0.07500
1 0.29570 0.28333 0.03203 0.07500
1 0.36992 0.28125 0.03047 0.05625
1 0.39609 0.28958 0.02969 0.07500
1 0.45625 0.28333 0.02656 0.07500
1 0.48359 0.29063 0.02813 0.06875
1 0.55820 0.29323 0.03047 0.06771
1 0.58984 0.29740 0.02969 0.06563
1 0.65234 0.28542 0.02969 0.07083
1 0.68555 0.28854 0.03203 0.07708
1 0.74023 0.28906 0.03203 0.07812
1 0.76797 0.30521 0.02969 0.07292
1 0.83203 0.30000 0.04063 0.07292
1 0.86289 0.29635 0.03516 0.06771
1 0.92500 0.29531 0.04063 0.08438
1 0.95273 0.29531 0.03203 0.08229
1 0.07422 0.35469 0.02969 0.06771
1 0.10312 0.35990 0.02969 0.08021
1 0.17617 0.36042 0.03203 0.07083
1 0.20742 0.35729 0.03359 0.07708
1 0.26523 0.36458 0.03672 0.07083
1 0.29609 0.35938 0.04219 0.07292
1 0.40195 0.35885 0.03203 0.05937
1 0.46133 0.35990 0.03047 0.06771
1 0.55078 0.36302 0.03281 0.07187
1 0.58164 0.36979 0.03516 0.07500
1 0.64648 0.37344 0.02891 0.06771
1 0.67695 0.36979 0.03047 0.06667
1 0.74492 0.37812 0.03828 0.07292
1 0.82812 0.37552 0.02969 0.05729
1 0.85977 0.36979 0.03516 0.05208
1 0.92500 0.38073 0.03438 0.06979
1 0.95703 0.37656 0.02813 0.06771
1 0.06641 0.43906 0.04531 0.06979
1 0.10547 0.43958 0.04375 0.07292
1 0.17383 0.44479 0.03359 0.07500
1 0.20156 0.43750 0.03281 0.07708
1 0.27266 0.44323 0.03438 0.07812
1 0.30430 0.44792 0.03672 0.07917
1 0.37188 0.44323 0.02813 0.06771
1 0.39805 0.44219 0.03516 0.06771
1 0.45742 0.43906 0.03047 0.06146
1 0.48594 0.44375 0.02813 0.07292
1 0.55234 0.44427 0.03438 0.07187
1 0.64297 0.44740 0.02813 0.06979
1 0.67422 0.44323 0.03438 0.06771
1 0.73047 0.45104 0.02969 0.07708
1 0.76445 0.45469 0.03828 0.06563
1 0.86719 0.45833 0.03125 0.06875
1 0.92148 0.45469 0.03359 0.06979
1 0.94688 0.45573 0.02969 0.06771
1 0.20781 0.52240 0.03750 0.06979
1 0.36484 0.52812 0.03281 0.07708
1 0.39531 0.52031 0.03125 0.07187
1 0.45547 0.52083 0.04219 0.08125
1 0.55352 0.52083 0.03672 0.08333
1 0.68984 0.53125 0.03281 0.08125
1 0.76211 0.53125 0.03672 0.07917
1 0.86172 0.54479 0.03438 0.06875
1 0.92500 0.52969 0.02656 0.06354
1 0.95430 0.52969 0.03359 0.07396
1 0.06563 0.60521 0.03281 0.05625
1 0.09961 0.60313 0.04297 0.06042
1 0.17305 0.60729 0.03672 0.06875
1 0.20508 0.60573 0.03828 0.06146
1 0.26992 0.60625 0.03047 0.06875
1 0.30117 0.61302 0.03672 0.06146
1 0.36641 0.60625 0.02969 0.07500
1 0.39375 0.60052 0.03906 0.07187
1 0.45977 0.60260 0.03047 0.06146
1 0.48672 0.60156 0.02969 0.06771
1 0.56563 0.60365 0.03281 0.07187
1 0.65312 0.61823 0.03750 0.05729
1 0.67773 0.60885 0.01953 0.04896
1 0.73164 0.61719 0.03672 0.07187
1 0.91523 0.59323 0.03516 0.06979
1 0.95234 0.61667 0.03906 0.06875
1 0.29883 0.68490 0.03828 0.06979
1 0.36484 0.67969 0.02969 0.07187
1 0.39219 0.68281 0.03281 0.07187
1 0.46641 0.67917 0.03281 0.07708
1 0.49648 0.68906 0.02891 0.06354
1 0.54844 0.68437 0.03281 0.07292
1 0.57812 0.68698 0.03906 0.07396
1 0.64727 0.68958 0.04141 0.06250
1 0.67773 0.69479 0.03359 0.06250
1 0.72852 0.69115 0.03672 0.07812
1 0.07500 0.77500 0.03594 0.07083
1 0.11680 0.77344 0.04297 0.07812
1 0.17109 0.77760 0.04063 0.06771
1 0.20234 0.77448 0.03281 0.06563
1 0.07539 0.85260 0.03516 0.07187
1 0.10742 0.85104 0.03828 0.07500
1 0.16523 0.84219 0.04141 0.05521
1 0.19648 0.84167 0.03359 0.04583
1 0.27813 0.84844 0.02969 0.06771
1 0.30664 0.84062 0.02891 0.06458
1 0.36367 0.84271 0.03047 0.07500
1 0.39062 0.84271 0.02187 0.06667
1 0.39570 0.76042 0.03516 0.07917
1 0.45781 0.76302 0.02969 0.06771
1 0.48359 0.76042 0.03125 0.07500
1 0.55469 0.75625 0.02500 0.05208
1 0.57891 0.75938 0.02813 0.05000
1 0.48789 0.83646 0.04141 0.07083
1 0.45664 0.91458 0.02891 0.06875
1 0.48555 0.91719 0.03359 0.06563
1 0.37031 0.92604 0.03594 0.06458
1 0.30039 0.92292 0.02891 0.05833
1 0.27500 0.92031 0.02656 0.06146
1 0.20547 0.92656 0.03594 0.06146
1 0.17188 0.93021 0.03281 0.05833
1 0.10820 0.93542 0.03672 0.07292
1 0.07187 0.93073 0.03750 0.07187
1 0.57852 0.84010 0.03047 0.07187
1 0.54961 0.91094 0.02734 0.06563
1 0.58164 0.91250 0.03203 0.06458
1 0.64531 0.76146 0.03906 0.06667
1 0.67695 0.77552 0.03203 0.07396
1 0.64180 0.84740 0.03828 0.07396
1 0.68008 0.84531 0.03984 0.06979
1 0.76562 0.84740 0.03438 0.07396
1 0.76172 0.92812 0.02813 0.06875
1 0.81836 0.92135 0.02891 0.06979
1 0.85195 0.84688 0.03203 0.07292
1 0.81992 0.85052 0.02734 0.07396
1 0.82031 0.76562 0.03438 0.07292
1 0.85234 0.76354 0.03438 0.07292
1 0.39727 0.91198 0.02578 0.06146
1 0.67227 0.92448 0.03828 0.06771
1 0.63711 0.92240 0.03047 0.06563
1 0.54844 0.83750 0.02969 0.07708
1 0.45352 0.83594 0.02734 0.06146
1 0.36055 0.76406 0.03203 0.07187
0 0.29922 0.76771 0.02813 0.07708
1 0.27031 0.68594 0.03125 0.06563
1 0.20039 0.68958 0.03047 0.06667
1 0.17070 0.68333 0.03047 0.07500
1 0.10977 0.68906 0.03984 0.06979
1 0.07422 0.69583 0.03125 0.05833
1 0.06289 0.51979 0.03047 0.07917
1 0.09492 0.52917 0.03828 0.07917
1 0.16914 0.51979 0.03516 0.07292
1 0.28008 0.52500 0.04297 0.06875
1 0.49102 0.52812 0.03516 0.08125
1 0.58672 0.53333 0.03281 0.07917
1 0.85859 0.60573 0.02813 0.06146
1 0.91602 0.68490 0.03516 0.08021
1 0.85078 0.92344 0.03594 0.06563
1 0.72891 0.92604 0.03594 0.06042
1 0.73750 0.84010 0.03906 0.05521
1 0.72539 0.76927 0.03984 0.07812
1 0.76406 0.76562 0.03281 0.07083
1 0.75703 0.68802 0.03281 0.07396
1 0.82695 0.53281 0.03516 0.06563
1 0.83203 0.45573 0.03125 0.06771
1 0.95039 0.68854 0.03516 0.07500
1 0.85508 0.68437 0.03516 0.08125
1 0.81875 0.67552 0.02500 0.05521
1 0.82578 0.60677 0.03750 0.06979
1 0.76562 0.61146 0.03125 0.06875
1 0.72773 0.53333 0.03672 0.07708
1 0.65625 0.53125 0.03750 0.07292
1 0.58203 0.44740 0.03438 0.06771
1 0.49414 0.36927 0.03047 0.06771
1 0.37305 0.35990 0.03359 0.06771
1 0.26953 0.27604 0.02969 0.07083
1 0.20195 0.27969 0.03672 0.08229
1 0.16758 0.27865 0.03516 0.08438
1 0.10508 0.27552 0.03359 0.06771
1 0.06992 0.27865 0.03359 0.08021
1 0.91367 0.76719 0.03359 0.07187
1 0.94570 0.77240 0.03516 0.07396
1 0.94844 0.84427 0.04063 0.06354
1 0.91602 0.84219 0.03359 0.06146
1 0.90703 0.91510 0.03438 0.07396
1 0.94141 0.92344 0.02969 0.07187
