1 0.65391 0.39792 0.02813 0.06458
1 0.09492 0.67083 0.02891 0.07083
1 0.09297 0.82292 0.03281 0.06875
1 0.46914 0.32760 0.03047 0.07604
1 0.96250 0.30521 0.03594 0.07708
1 0.41523 0.72135 0.03516 0.06354
1 0.19141 0.81875 0.03281 0.07292
1 0.92969 0.31510 0.03281 0.07812
1 0.31836 0.65104 0.02891 0.07083
1 0.47891 0.63490 0.02969 0.06354
1 0.21875 0.73646 0.02969 0.06667
1 0.12930 0.82708 0.03516 0.07083
1 0.47148 0.71458 0.03047 0.07083
1 0.09688 0.74740 0.02969 0.06979
1 0.41875 0.87656 0.03438 0.06563
1 0.29063 0.65573 0.02813 0.06979
1 0.83008 0.14844 0.03516 0.08021
1 0.12422 0.66667 0.03125 0.07500
1 0.19492 0.90000 0.03672 0.08125
1 0.74648 0.62552 0.03047 0.06354
1 0.12656 0.74427 0.03281 0.05937
1 0.69414 0.86406 0.03203 0.07187
1 0.13281 0.90729 0.03438 0.07500
1 0.09062 0.58750 0.03750 0.07708
1 0.22422 0.81354 0.03281 0.07292
1 0.09805 0.90052 0.03672 0.08229
1 0.32109 0.56823 0.03125 0.06563
1 0.18906 0.66250 0.03750 0.07500
1 0.28984 0.73333 0.02969 0.06042
1 0.08047 0.42760 0.03906 0.07396
1 0.56797 0.64010 0.02969 0.06563
1 0.18867 0.73958 0.03203 0.07083
1 0.60156 0.86562 0.03750 0.07292
1 0.12305 0.58281 0.03359 0.06979
1 0.77578 0.14688 0.03594 0.08125
1 0.86406 0.14844 0.03594 0.07812
1 0.66016 0.86719 0.03281 0.07604
1 0.50781 0.63698 0.02969 0.06563
1 0.51406 0.79167 0.03438 0.07083
1 0.59531 0.70990 0.03281 0.06354
1 0.50039 0.71250 0.03047 0.06875
1 0.95352 0.76875 0.03516 0.05833
1 0.22070 0.57344 0.03359 0.06979
1 0.92344 0.14688 0.03750 0.08333
1 0.22539 0.65990 0.03828 0.07604
1 0.56094 0.71354 0.03125 0.06042
1 0.28672 0.57031 0.03438 0.06979
1 0.18438 0.57500 0.03438 0.06458
1 0.87422 0.86719 0.03125 0.08021
1 0.41406 0.32604 0.03906 0.08125
1 0.22500 0.91771 0.03750 0.08958
1 0.11250 0.24896 0.03750 0.07292
1 0.17813 0.25156 0.03438 0.07812
1 0.21328 0.25104 0.03594 0.07708
0 0.30664 0.24948 0.03672 0.08021
1 0.37109 0.15521 0.02969 0.06875
1 0.83750 0.39375 0.03594 0.06875
1 0.95625 0.23385 0.03438 0.07396
1 0.83437 0.23229 0.03438 0.08333
1 0.10547 0.17135 0.03281 0.07187
1 0.40117 0.15990 0.03359 0.07187
1 0.45937 0.16250 0.03750 0.08333
1 0.50000 0.16042 0.03906 0.08542
1 0.59141 0.15313 0.03125 0.07917
1 0.74023 0.15052 0.03672 0.08229
0 0.74531 0.23906 0.03281 0.07396
1 0.68906 0.15208 0.03594 0.08542
1 0.65820 0.15469 0.03203 0.08646
1 0.56055 0.16250 0.03203 0.07708
1 0.21289 0.16458 0.03828 0.07917
1 0.26875 0.16250 0.02969 0.07083
1 0.29961 0.16094 0.03203 0.06979
1 0.40117 0.25104 0.04141 0.08333
1 0.47109 0.24063 0.03125 0.06875
1 0.50234 0.24115 0.03594 0.06979
1 0.55195 0.24115 0.03672 0.07812
1 0.59023 0.24323 0.03672 0.07604
1 0.65781 0.24427 0.02969 0.07187
1 0.68867 0.23906 0.03516 0.07604
1 0.49805 0.33281 0.02891 0.05937
0 0.78047 0.22969 0.03438 0.07812
1 0.07891 0.50677 0.03281 0.07604
1 0.11016 0.50208 0.03594 0.07708
1 0.18086 0.50469 0.03984 0.07187
1 0.21992 0.49583 0.03516 0.07500
1 0.29414 0.49531 0.03203 0.08229
1 0.32695 0.49427 0.03359 0.08646
1 0.59570 0.32188 0.03359 0.07083
1 0.65195 0.31979 0.03672 0.07292
0 0.93164 0.40104 0.03203 0.07708
1 0.87227 0.38698 0.03203 0.06979
1 0.68945 0.31875 0.03672 0.07500
1 0.95703 0.46979 0.03125 0.07083
0 0.96445 0.39115 0.03672 0.07396
0 0.92344 0.70365 0.03125 0.06563
0 0.95586 0.70052 0.02891 0.06354
1 0.65078 0.55885 0.02969 0.07396
1 0.75117 0.70469 0.03047 0.06563
1 0.77812 0.70469 0.03438 0.06563
1 0.65352 0.78542 0.03672 0.07917
1 0.60625 0.78750 0.03125 0.07292
1 0.57578 0.79323 0.03281 0.07604
1 0.56523 0.86615 0.03672 0.07604
1 0.48008 0.87292 0.03047 0.06458
1 0.51172 0.86667 0.03594 0.08125
1 0.47891 0.80208 0.03750 0.07708
1 0.41797 0.80000 0.03125 0.06250
1 0.32109 0.72396 0.03125 0.06667
1 0.40898 0.56667 0.02891 0.07917
1 0.41289 0.48906 0.03672 0.06563
1 0.84023 0.86510 0.03672 0.08229
1 0.68945 0.78698 0.03516 0.07604
1 0.59336 0.56094 0.02891 0.06771
1 0.68672 0.63177 0.02969 0.06563
0 0.74648 0.86250 0.03359 0.07708
0 0.77539 0.78177 0.03516 0.07812
0 0.74180 0.78177 0.03359 0.07812
1 0.69102 0.70885 0.03516 0.06771
1 0.66289 0.71094 0.02891 0.06563
1 0.65664 0.63698 0.03047 0.06563
1 0.59688 0.64115 0.02969 0.06354
1 0.56289 0.55365 0.03359 0.06563
1 0.84180 0.47135 0.03047 0.06979
1 0.92578 0.47604 0.03125 0.06458
1 0.96016 0.54271 0.03594 0.06250
0 0.78438 0.86250 0.03281 0.07292
1 0.95586 0.85208 0.03359 0.07500
1 0.92109 0.85052 0.03594 0.07812
1 0.83437 0.78438 0.03906 0.08333
1 0.83906 0.71042 0.03125 0.05625
1 0.07500 0.17344 0.03281 0.06979
1 0.18008 0.16771 0.03516 0.08125
0 0.27187 0.25156 0.03281 0.08021
1 0.36172 0.24323 0.03906 0.07604
1 0.55586 0.32396 0.03984 0.07083
1 0.77773 0.40104 0.03516 0.07500
1 0.87266 0.46354 0.03125 0.05833
1 0.93008 0.54583 0.03047 0.06042
1 0.87422 0.78438 0.03750 0.08333
1 0.87187 0.70208 0.03125 0.05625
1 0.77695 0.62500 0.03047 0.06250
1 0.83711 0.62448 0.03516 0.07396
1 0.86953 0.62500 0.03125 0.07292
1 0.92422 0.62240 0.03281 0.07187
1 0.91875 0.78646 0.05156 0.07292
1 0.95508 0.61562 0.03359 0.06667
1 0.86914 0.53385 0.02891 0.06979
1 0.77695 0.55052 0.03828 0.06146
1 0.73945 0.55156 0.03672 0.06563
1 0.67773 0.55573 0.03047 0.06979
1 0.47734 0.48177 0.02969 0.07812
1 0.07930 0.33750 0.02891 0.07083
1 0.07969 0.24792 0.03281 0.07292
1 0.10859 0.33021 0.03281 0.07708
1 0.17852 0.33177 0.03516 0.07812
1 0.21367 0.32865 0.03828 0.07187
1 0.28047 0.32760 0.03281 0.06771
1 0.31602 0.32865 0.03359 0.06979
1 0.37578 0.32917 0.03906 0.08125
1 0.37539 0.40729 0.03359 0.07292
1 0.84102 0.54167 0.03203 0.06875
1 0.75234 0.47604 0.04063 0.06875
1 0.68086 0.47604 0.03672 0.06667
1 0.59609 0.40208 0.03281 0.07708
1 0.56211 0.40052 0.03672 0.07812
1 0.50352 0.40521 0.03359 0.07083
1 0.47070 0.40417 0.03203 0.06875
1 0.40820 0.40625 0.03672 0.07708
1 0.11953 0.41875 0.04375 0.07083
1 0.18203 0.41458 0.03281 0.07292
1 0.21602 0.41302 0.03672 0.07396
0 0.29258 0.41771 0.03516 0.07292
1 0.37852 0.49010 0.03203 0.06563
1 0.38203 0.56823 0.02813 0.07812
1 0.38594 0.80365 0.03438 0.06563
1 0.38555 0.87500 0.03516 0.05833
0 0.29531 0.89635 0.03125 0.06354
1 0.29531 0.81302 0.03125 0.07396
1 0.32695 0.80937 0.03516 0.06250
1 0.38359 0.72552 0.02813 0.05729
1 0.38008 0.65469 0.03047 0.06563
1 0.41367 0.65208 0.03359 0.06042
1 0.46836 0.55729 0.02734 0.07083
1 0.49609 0.56302 0.02813 0.07396
1 0.50664 0.48750 0.03516 0.06458
1 0.56250 0.47969 0.03594 0.06354
1 0.59336 0.47917 0.03672 0.06458
1 0.64609 0.47135 0.03281 0.06979
1 0.68281 0.39844 0.02969 0.06354
1 0.74453 0.40417 0.03281 0.07292
1 0.74922 0.32708 0.03281 0.07500
1 0.78203 0.31823 0.03438 0.07604
1 0.83789 0.31667 0.03359 0.07083
1 0.86758 0.31302 0.03516 0.06979
1 0.86562 0.22865 0.03281 0.07812
1 0.92188 0.23177 0.03438 0.08021
1 0.95820 0.14688 0.03203 0.08542
0 0.33594 0.89427 0.03281 0.06146
