0 0.26758 0.21146 0.03047 0.06250
0 0.29844 0.20573 0.03438 0.07396
0 0.11094 0.45312 0.02813 0.05833
0 0.09297 0.46042 0.03750 0.06458
0 0.08164 0.37865 0.03516 0.06146
0 0.10117 0.29479 0.03359 0.06875
0 0.07148 0.29635 0.03047 0.07396
0 0.17109 0.28437 0.03438 0.06250
0 0.19453 0.28698 0.04063 0.06146
0 0.27305 0.28333 0.03516 0.06458
0 0.30977 0.29740 0.03047 0.06354
0 0.37617 0.21667 0.03359 0.07083
0 0.40820 0.21979 0.03359 0.06458
0 0.46094 0.21198 0.03125 0.07187
0 0.28281 0.36406 0.03906 0.07187
0 0.37812 0.37188 0.02813 0.07292
0 0.37812 0.29479 0.04531 0.07708
0 0.45352 0.29635 0.02734 0.07187
0 0.48281 0.29219 0.03906 0.06354
0 0.46758 0.36927 0.03516 0.07187
0 0.57266 0.37031 0.03750 0.06146
0 0.64258 0.36406 0.02891 0.06563
0 0.67148 0.37031 0.02578 0.06354
0 0.72969 0.36875 0.02969 0.06458
0 0.76055 0.36146 0.03828 0.05417
0 0.82383 0.36927 0.02266 0.06563
0 0.84805 0.37396 0.03047 0.06042
0 0.91797 0.37083 0.02500 0.05833
0 0.93633 0.35833 0.02891 0.05208
0 0.49375 0.20729 0.02969 0.06875
0 0.54883 0.20781 0.03984 0.08229
0 0.58164 0.20885 0.03516 0.09271
0 0.55195 0.30104 0.02891 0.07083
0 0.58203 0.30052 0.02969 0.08021
0 0.65586 0.29010 0.02734 0.05937
0 0.64102 0.21823 0.03359 0.07604
0 0.67852 0.21042 0.03047 0.07083
0 0.73047 0.21302 0.03125 0.08229
0 0.76289 0.22083 0.02578 0.06875
0 0.77109 0.28750 0.03125 0.06667
0 0.73789 0.30104 0.03828 0.06250
0 0.83750 0.30312 0.03281 0.06667
0 0.95117 0.21354 0.02891 0.06458
0 0.91797 0.21198 0.03281 0.05937
0 0.86719 0.22604 0.02969 0.07917
0 0.82773 0.21042 0.03672 0.07083
0 0.90977 0.28385 0.03047 0.06979
0 0.93359 0.28021 0.03125 0.06875
0 0.40430 0.45312 0.03047 0.07292
0 0.82500 0.59219 0.03594 0.06979
0 0.85117 0.58646 0.03047 0.06458
0 0.27578 0.76615 0.03125 0.05937
0 0.31133 0.77083 0.03359 0.06042
0 0.46758 0.76302 0.02891 0.06354
0 0.50117 0.76823 0.03359 0.05937
0 0.17852 0.37344 0.03047 0.06146
0 0.21602 0.37969 0.03672 0.05937
0 0.36992 0.45677 0.04141 0.08229
0 0.82188 0.74323 0.02656 0.07604
0 0.30234 0.44479 0.03750 0.07083
0 0.26992 0.45469 0.04141 0.09062
0 0.11523 0.38281 0.03516 0.06146
0 0.85117 0.75573 0.03203 0.07396
0 0.55234 0.83073 0.04219 0.05312
0 0.58477 0.83073 0.03672 0.06146
0 0.72852 0.83073 0.03672 0.06354
0 0.75742 0.82240 0.03672 0.05937
0 0.81445 0.83281 0.04297 0.05312
0 0.85000 0.82760 0.02969 0.07187
0 0.37109 0.91302 0.02813 0.06563
0 0.40234 0.91406 0.02969 0.06146
0 0.90586 0.90052 0.03047 0.06563
0 0.93594 0.90938 0.03125 0.05417
1 0.09961 0.21042 0.03203 0.06667
1 0.07109 0.20469 0.03125 0.05937
1 0.16719 0.21354 0.03594 0.07500
1 0.19687 0.21250 0.03594 0.07708
1 0.17227 0.44583 0.03828 0.07083
1 0.20625 0.45417 0.04063 0.07292
1 0.20625 0.54271 0.04063 0.07708
1 0.16992 0.54010 0.04297 0.07187
1 0.11719 0.54167 0.03594 0.07292
1 0.08125 0.54844 0.03906 0.07604
1 0.94648 0.44792 0.03047 0.06250
1 0.91992 0.45156 0.02734 0.07187
1 0.91680 0.51615 0.03047 0.06771
1 0.94609 0.51927 0.02969 0.06979
1 0.93984 0.59167 0.03281 0.07500
1 0.91563 0.59688 0.03750 0.08125
1 0.84844 0.51250 0.03594 0.06458
1 0.85391 0.44271 0.03281 0.07500
1 0.82109 0.44271 0.03438 0.05417
1 0.76445 0.43490 0.03516 0.06354
1 0.73594 0.45104 0.03125 0.07292
1 0.67383 0.44948 0.02734 0.06146
1 0.64414 0.44896 0.02891 0.06042
1 0.58633 0.43854 0.03359 0.07708
1 0.55312 0.44948 0.03438 0.07187
1 0.48359 0.45052 0.03125 0.06146
1 0.45469 0.45312 0.02813 0.05208
1 0.66680 0.52396 0.02891 0.06042
1 0.63945 0.52760 0.02734 0.05312
1 0.63984 0.60156 0.03750 0.06979
1 0.67422 0.60885 0.03594 0.06979
1 0.73086 0.60833 0.03359 0.05833
1 0.75547 0.60104 0.03281 0.05833
1 0.76680 0.52917 0.03516 0.06667
1 0.72656 0.52135 0.04063 0.06771
1 0.81406 0.51979 0.03281 0.06458
1 0.58359 0.52083 0.03594 0.06250
1 0.54961 0.53021 0.03359 0.06667
1 0.48555 0.52656 0.03516 0.06563
1 0.45820 0.53490 0.03516 0.06354
1 0.39531 0.53854 0.03125 0.06667
1 0.36523 0.53281 0.03672 0.06771
1 0.30352 0.53958 0.03203 0.07083
1 0.26914 0.53906 0.03828 0.07187
1 0.08398 0.62083 0.03203 0.06875
1 0.11680 0.61615 0.03516 0.06146
1 0.18594 0.61875 0.03281 0.06875
1 0.21719 0.61979 0.03438 0.06875
1 0.27695 0.61198 0.03359 0.05937
1 0.30664 0.60990 0.03672 0.06354
1 0.36992 0.60833 0.03359 0.06875
1 0.39922 0.60885 0.02813 0.06146
1 0.46133 0.60885 0.02891 0.06563
1 0.48516 0.60156 0.02969 0.06771
1 0.54492 0.59479 0.02734 0.06458
1 0.57656 0.60313 0.02969 0.07292
1 0.08242 0.69948 0.03828 0.07396
1 0.11992 0.69896 0.03984 0.06042
1 0.18086 0.69219 0.03672 0.06563
1 0.21523 0.68750 0.03672 0.06250
1 0.27891 0.68958 0.03281 0.07708
1 0.31055 0.68385 0.03203 0.07187
1 0.37227 0.68333 0.02734 0.07292
1 0.39687 0.68958 0.03281 0.07083
1 0.46289 0.69063 0.02734 0.06875
1 0.49219 0.68385 0.03750 0.06979
1 0.65039 0.67812 0.03672 0.06042
1 0.67109 0.76042 0.03750 0.05833
1 0.64531 0.76667 0.03594 0.05208
1 0.58437 0.76406 0.03281 0.06563
1 0.55820 0.75990 0.02734 0.06979
1 0.55469 0.68802 0.03438 0.06354
1 0.58047 0.67917 0.02813 0.06250
1 0.73359 0.68385 0.03438 0.05729
1 0.76211 0.67344 0.04297 0.06563
1 0.83047 0.68177 0.04219 0.07187
1 0.86055 0.67083 0.03516 0.06875
1 0.90938 0.67708 0.03281 0.07500
1 0.94180 0.67708 0.03828 0.07500
1 0.94180 0.75573 0.02266 0.06354
1 0.91484 0.74844 0.03281 0.05937
1 0.94531 0.82396 0.03438 0.07500
1 0.90820 0.81615 0.02891 0.06771
1 0.76133 0.74740 0.03516 0.06563
1 0.73164 0.75625 0.03203 0.06875
1 0.84375 0.90521 0.03125 0.06875
1 0.81133 0.90677 0.03047 0.06771
1 0.76250 0.90365 0.03281 0.05729
1 0.73203 0.90625 0.02813 0.06458
1 0.67734 0.90208 0.02500 0.06875
1 0.64961 0.91094 0.03516 0.07396
1 0.58047 0.92812 0.03125 0.06042
1 0.54961 0.91146 0.02891 0.06458
1 0.48789 0.92188 0.02891 0.05833
1 0.45898 0.91979 0.02891 0.05833
1 0.50781 0.84271 0.02656 0.05625
1 0.47852 0.83490 0.03359 0.05521
1 0.37734 0.84167 0.03594 0.06042
1 0.41016 0.82552 0.03594 0.05729
1 0.41133 0.74948 0.03828 0.04688
1 0.37461 0.76979 0.03047 0.05833
1 0.31211 0.83958 0.03828 0.05625
1 0.28125 0.84948 0.03281 0.05104
1 0.31367 0.92396 0.02734 0.06875
1 0.28437 0.91823 0.02813 0.07396
1 0.22578 0.93125 0.02813 0.06458
1 0.19453 0.93698 0.02813 0.05937
1 0.21914 0.85938 0.03047 0.06458
1 0.18203 0.86094 0.03438 0.06771
1 0.19922 0.77604 0.02969 0.06875
1 0.11680 0.77604 0.03047 0.07083
1 0.08672 0.77500 0.02813 0.05625
1 0.08320 0.86458 0.03203 0.06875
1 0.12031 0.85833 0.03906 0.06667
1 0.11602 0.93958 0.03047 0.05625
1 0.08477 0.93802 0.02891 0.05729
