1 0.51289 0.90833 0.03672 0.06458
1 0.60547 0.90312 0.03438 0.07083
1 0.78906 0.81823 0.03594 0.06354
1 0.95859 0.72031 0.03281 0.06771
1 0.86445 0.42031 0.03516 0.06979
1 0.56328 0.51250 0.03438 0.06667
1 0.86680 0.34427 0.03672 0.07187
1 0.84180 0.81198 0.03359 0.07187
1 0.95742 0.56719 0.03047 0.06979
1 0.19453 0.77187 0.03281 0.07292
1 0.48047 0.75313 0.02969 0.06250
1 0.13086 0.70365 0.03359 0.06771
1 0.23164 0.77187 0.03516 0.07292
1 0.87148 0.81094 0.03516 0.06771
1 0.08398 0.36979 0.03203 0.07708
1 0.92734 0.57188 0.02813 0.06875
1 0.95664 0.64687 0.03359 0.05625
1 0.75391 0.81510 0.03438 0.06979
1 0.77930 0.89479 0.03047 0.07083
1 0.86758 0.50365 0.03359 0.06771
1 0.87695 0.89010 0.03047 0.06771
1 0.08203 0.20781 0.03281 0.08229
1 0.84336 0.88854 0.03047 0.06042
1 0.50742 0.83385 0.03203 0.05729
1 0.86758 0.58073 0.03516 0.06563
1 0.32969 0.91771 0.03438 0.06875
1 0.92109 0.49375 0.03281 0.06250
1 0.39062 0.91875 0.02969 0.07083
1 0.22148 0.69063 0.03047 0.06458
1 0.19062 0.69010 0.02969 0.06771
1 0.19023 0.61198 0.03516 0.07396
1 0.91914 0.17083 0.03516 0.08958
1 0.69648 0.90208 0.03047 0.06250
1 0.66328 0.90312 0.03281 0.06667
1 0.83086 0.18438 0.03203 0.07917
1 0.18047 0.20938 0.03281 0.07708
1 0.69023 0.66406 0.03672 0.06979
1 0.46055 0.19740 0.03203 0.07396
1 0.41953 0.91458 0.02969 0.07917
1 0.68320 0.26927 0.03203 0.07396
1 0.86055 0.18021 0.03047 0.07500
1 0.48125 0.91458 0.03125 0.07708
1 0.55937 0.36354 0.03438 0.07500
1 0.95352 0.49219 0.02891 0.05729
1 0.83398 0.34167 0.03672 0.07083
1 0.75117 0.89583 0.03047 0.07292
1 0.58711 0.19635 0.03203 0.07604
1 0.83008 0.42552 0.03047 0.06563
1 0.92148 0.33802 0.03047 0.06771
1 0.36719 0.28750 0.02969 0.07083
1 0.47656 0.83281 0.02969 0.05521
1 0.08711 0.45260 0.03516 0.07604
1 0.94727 0.41615 0.03203 0.08229
1 0.77344 0.18646 0.03281 0.06667
1 0.55820 0.43646 0.03047 0.06458
1 0.57344 0.90573 0.03281 0.06979
1 0.92266 0.65573 0.03281 0.06979
1 0.77891 0.58333 0.03906 0.06250
1 0.69023 0.19271 0.03828 0.08125
1 0.59297 0.51406 0.03750 0.07187
1 0.50430 0.36458 0.03984 0.07917
1 0.73633 0.27917 0.03047 0.06667
1 0.92266 0.80729 0.03125 0.06667
1 0.49648 0.43958 0.03359 0.07500
1 0.65000 0.50885 0.02969 0.06354
1 0.95078 0.33854 0.03281 0.06667
1 0.46914 0.36406 0.03516 0.08229
1 0.59062 0.43438 0.02969 0.06458
1 0.64883 0.42865 0.03203 0.07396
1 0.68008 0.42604 0.03047 0.07292
1 0.83242 0.50573 0.03203 0.06979
1 0.77891 0.50000 0.03750 0.07292
1 0.74336 0.50469 0.03516 0.07187
1 0.39766 0.28958 0.03125 0.06875
1 0.77812 0.34792 0.04063 0.07708
0 0.73945 0.43073 0.03359 0.06563
1 0.74180 0.35052 0.03672 0.07604
1 0.67305 0.35313 0.03047 0.07500
1 0.64297 0.35260 0.03125 0.06979
1 0.59414 0.35260 0.03359 0.07604
1 0.58906 0.27500 0.03750 0.07708
1 0.46563 0.28177 0.03281 0.07812
1 0.40430 0.21146 0.03047 0.06458
1 0.37188 0.20521 0.03125 0.06458
1 0.30352 0.19948 0.03672 0.08021
0 0.77344 0.42656 0.03281 0.06354
1 0.30938 0.29010 0.03438 0.07187
1 0.46563 0.44219 0.03281 0.07396
1 0.41250 0.43802 0.03594 0.07396
1 0.78047 0.65938 0.03281 0.06875
1 0.74648 0.65625 0.03359 0.07292
1 0.59180 0.59115 0.03359 0.06563
1 0.65586 0.58698 0.02891 0.06563
1 0.83594 0.57812 0.03594 0.06250
1 0.68672 0.58073 0.03594 0.06354
1 0.56289 0.59219 0.03359 0.06771
1 0.38164 0.59479 0.02891 0.06667
1 0.60820 0.82188 0.03516 0.06875
1 0.57500 0.82135 0.03438 0.06771
1 0.42656 0.75677 0.03438 0.06979
1 0.39375 0.75885 0.02969 0.07396
1 0.32266 0.59896 0.03125 0.07083
1 0.29219 0.60000 0.03125 0.06458
1 0.28750 0.52760 0.03750 0.07812
1 0.18438 0.45156 0.03594 0.08229
1 0.19570 0.53177 0.03203 0.07604
1 0.22148 0.61302 0.03047 0.07187
1 0.23086 0.53698 0.03359 0.07604
1 0.51328 0.75104 0.03594 0.06667
1 0.42891 0.83125 0.03281 0.05417
1 0.38984 0.83437 0.03438 0.06042
1 0.32539 0.84271 0.03047 0.06250
1 0.09688 0.78177 0.03281 0.08021
1 0.09375 0.69740 0.03281 0.07187
1 0.09453 0.61823 0.03281 0.07604
1 0.09453 0.53698 0.02969 0.07187
1 0.12266 0.45156 0.03438 0.07812
1 0.12539 0.53594 0.03359 0.06979
1 0.13047 0.61615 0.03906 0.07187
1 0.13555 0.77708 0.03828 0.07083
0 0.50508 0.59635 0.02891 0.06563
1 0.28242 0.36927 0.03359 0.07187
1 0.21875 0.37135 0.03750 0.07187
1 0.22070 0.28490 0.03516 0.07812
1 0.18164 0.28802 0.03828 0.07396
1 0.08516 0.29323 0.03125 0.06979
0 0.65742 0.81927 0.03516 0.06771
0 0.47305 0.59740 0.03047 0.06771
1 0.41563 0.59635 0.03438 0.06979
1 0.28086 0.44792 0.03047 0.07292
1 0.22227 0.44844 0.03828 0.08021
1 0.17891 0.36823 0.03750 0.07396
1 0.12148 0.36667 0.03203 0.07292
1 0.11875 0.29167 0.03594 0.07083
1 0.32383 0.51719 0.03516 0.07812
1 0.59648 0.66458 0.02891 0.06667
0 0.50078 0.51615 0.03438 0.07812
0 0.46563 0.51719 0.03281 0.07604
1 0.41523 0.52240 0.03359 0.06354
1 0.38398 0.52292 0.03047 0.06667
1 0.38125 0.44740 0.03281 0.07396
1 0.31602 0.44583 0.03672 0.07083
1 0.31875 0.36615 0.03438 0.07187
1 0.37695 0.36562 0.02891 0.06875
1 0.40352 0.35990 0.02891 0.06354
1 0.49805 0.28281 0.03203 0.07604
1 0.55430 0.28229 0.03516 0.08542
1 0.65078 0.27292 0.03438 0.07083
0 0.69102 0.82083 0.03672 0.07292
1 0.95391 0.26979 0.03594 0.07292
1 0.86719 0.26667 0.03281 0.07708
1 0.83398 0.26667 0.03516 0.08125
1 0.76914 0.26562 0.03203 0.07500
1 0.73750 0.18906 0.03906 0.06979
1 0.65195 0.19271 0.04141 0.08542
1 0.55586 0.20000 0.03047 0.07708
1 0.49297 0.20000 0.03125 0.07708
1 0.26836 0.19531 0.03672 0.08021
1 0.11680 0.20469 0.03516 0.08229
1 0.21211 0.20521 0.03359 0.07500
1 0.27617 0.27760 0.03359 0.06979
1 0.67773 0.50781 0.03047 0.06146
1 0.74531 0.58125 0.03125 0.06458
1 0.83750 0.65417 0.03750 0.07083
1 0.87187 0.65208 0.03125 0.06250
1 0.93125 0.73281 0.02969 0.05937
1 0.95234 0.80469 0.03281 0.06979
1 0.95430 0.88229 0.03203 0.06458
1 0.92539 0.88542 0.03359 0.06875
1 0.29609 0.92812 0.03281 0.07917
1 0.22969 0.93594 0.03125 0.06146
1 0.19766 0.93750 0.03125 0.06667
1 0.13437 0.93906 0.03438 0.07604
1 0.10508 0.93906 0.02891 0.06979
0 0.13984 0.85417 0.03750 0.06875
1 0.20859 0.85365 0.03750 0.07604
1 0.24688 0.85156 0.03594 0.08021
1 0.29531 0.84635 0.02969 0.06771
0 0.31641 0.76198 0.03281 0.07187
0 0.28516 0.76562 0.03125 0.07292
0 0.10273 0.84792 0.03203 0.06458
1 0.28750 0.67969 0.03594 0.06771
1 0.31992 0.67552 0.03203 0.06563
1 0.38320 0.67135 0.03672 0.08438
1 0.41875 0.66979 0.04063 0.08542
1 0.46992 0.67760 0.03359 0.07187
1 0.50586 0.67500 0.03828 0.07083
1 0.56641 0.67031 0.02969 0.06771
1 0.57188 0.74687 0.03125 0.07292
1 0.60156 0.74115 0.03594 0.07187
1 0.65312 0.66250 0.03594 0.07083
1 0.66484 0.74271 0.03125 0.07083
1 0.69297 0.74219 0.03594 0.06979
1 0.75117 0.73750 0.03203 0.07083
1 0.78164 0.73333 0.03047 0.07292
1 0.83633 0.73333 0.03516 0.07917
1 0.86992 0.73229 0.03203 0.07917
1 0.91523 0.41875 0.03516 0.07708
1 0.91406 0.26615 0.03906 0.07187
1 0.95078 0.17083 0.03750 0.08958
