0 0.90820 0.19219 0.03359 0.07396
0 0.93516 0.19844 0.03281 0.08229
0 0.38633 0.27760 0.03359 0.06771
0 0.90938 0.27292 0.03125 0.07917
0 0.93516 0.27500 0.02813 0.07708
0 0.44062 0.36406 0.03125 0.08021
0 0.81094 0.35625 0.03125 0.08958
0 0.83828 0.35156 0.03594 0.09271
0 0.90430 0.35781 0.02891 0.06771
0 0.93164 0.35781 0.03516 0.07604
0 0.45156 0.44583 0.03594 0.06042
0 0.47813 0.43490 0.03281 0.06146
0 0.53789 0.43490 0.03359 0.06771
0 0.56797 0.43021 0.03906 0.05833
0 0.56250 0.36250 0.03125 0.06667
0 0.53633 0.36406 0.02891 0.06771
0 0.47070 0.35781 0.03359 0.07604
0 0.35742 0.27656 0.03359 0.08021
0 0.28867 0.29010 0.04297 0.06979
0 0.25508 0.28698 0.03672 0.07604
1 0.81172 0.42865 0.03594 0.06979
0 0.90977 0.43333 0.02578 0.05208
0 0.93437 0.43281 0.02656 0.06146
0 0.35820 0.52344 0.04141 0.05729
0 0.38711 0.52292 0.03672 0.05417
0 0.53516 0.51823 0.03281 0.06979
0 0.56016 0.50625 0.03594 0.06667
0 0.62305 0.51562 0.02891 0.07292
0 0.65547 0.50833 0.03281 0.06042
0 0.71562 0.50677 0.04063 0.08021
0 0.75156 0.50938 0.04063 0.08542
0 0.44609 0.59635 0.03281 0.06979
0 0.57227 0.59010 0.03047 0.06979
0 0.82188 0.58542 0.03125 0.06667
0 0.83828 0.57865 0.03594 0.05729
0 0.09453 0.69948 0.02813 0.06354
0 0.64102 0.66927 0.03047 0.06146
0 0.36133 0.75000 0.03047 0.06042
0 0.38945 0.74271 0.03516 0.06667
0 0.45078 0.74740 0.03281 0.06979
0 0.81055 0.73646 0.02891 0.06667
0 0.83516 0.73177 0.03594 0.07396
0 0.90117 0.74010 0.03516 0.06979
0 0.92930 0.73490 0.03516 0.07604
0 0.19219 0.83958 0.03750 0.07292
0 0.26484 0.82760 0.02031 0.06563
0 0.28867 0.84271 0.03047 0.06250
1 0.11680 0.85104 0.03516 0.06042
0 0.11992 0.69115 0.02891 0.06771
0 0.17188 0.69792 0.02656 0.06042
0 0.28906 0.67500 0.03125 0.05417
0 0.26328 0.68854 0.02187 0.06042
0 0.19961 0.69115 0.03359 0.06771
1 0.08320 0.84271 0.03516 0.07083
0 0.36211 0.81510 0.03359 0.05521
0 0.39297 0.83073 0.03125 0.04479
0 0.53633 0.81615 0.02578 0.06563
0 0.81211 0.81250 0.02734 0.05833
0 0.84414 0.80937 0.03047 0.06250
0 0.89766 0.81250 0.02500 0.06458
0 0.92227 0.81510 0.02266 0.06354
0 0.12539 0.91719 0.02891 0.05521
0 0.09062 0.92760 0.03281 0.04896
0 0.45391 0.89687 0.02500 0.06250
0 0.47773 0.90990 0.02422 0.06354
0 0.54336 0.89323 0.02734 0.05937
0 0.57188 0.89167 0.02969 0.06042
0 0.39336 0.59583 0.03672 0.05833
0 0.62891 0.89740 0.03594 0.07396
0 0.56719 0.81510 0.03125 0.07396
0 0.65859 0.89010 0.03594 0.07812
1 0.06211 0.20000 0.03672 0.07083
1 0.09531 0.19375 0.03438 0.07292
1 0.15195 0.19687 0.03984 0.07708
1 0.18438 0.19635 0.04219 0.07812
1 0.25547 0.20156 0.04063 0.06563
1 0.29141 0.19948 0.03438 0.08438
1 0.37070 0.19740 0.04922 0.07812
1 0.43867 0.20260 0.02578 0.06563
1 0.46836 0.19479 0.03672 0.07708
1 0.55000 0.20260 0.04063 0.09062
1 0.63086 0.20000 0.03516 0.07500
1 0.66172 0.19687 0.03281 0.09167
1 0.72070 0.19792 0.03984 0.07917
1 0.75586 0.19687 0.04297 0.07917
1 0.81484 0.18958 0.03125 0.06458
1 0.84766 0.19167 0.03125 0.07500
1 0.16367 0.28021 0.03672 0.08750
1 0.19727 0.28437 0.05391 0.07500
1 0.44492 0.28281 0.03984 0.07604
1 0.47266 0.28073 0.03594 0.06771
1 0.53945 0.28490 0.04141 0.08438
1 0.56953 0.28021 0.03750 0.07083
1 0.63438 0.27865 0.03906 0.08854
1 0.66875 0.27552 0.03750 0.08854
1 0.71367 0.27396 0.03047 0.06458
1 0.74336 0.27865 0.02891 0.06979
1 0.81211 0.27031 0.02578 0.06979
1 0.84492 0.27292 0.02578 0.06458
1 0.09961 0.36667 0.04453 0.07083
1 0.15977 0.37708 0.03516 0.05833
1 0.26250 0.36667 0.03438 0.08125
1 0.29375 0.36146 0.03906 0.07708
1 0.34805 0.35990 0.03203 0.07396
1 0.38281 0.36198 0.03906 0.08021
1 0.65391 0.35781 0.03906 0.06563
1 0.19805 0.44583 0.03828 0.07500
1 0.26133 0.44010 0.03828 0.06354
1 0.37773 0.43802 0.04141 0.05937
1 0.07422 0.53333 0.03281 0.07083
1 0.10938 0.53229 0.04375 0.07083
1 0.08320 0.61458 0.02891 0.06875
1 0.11289 0.61250 0.04609 0.06667
1 0.17500 0.61562 0.03438 0.07500
1 0.20273 0.61615 0.03359 0.07187
1 0.16484 0.53021 0.03281 0.06875
1 0.26406 0.51562 0.02969 0.06250
1 0.28750 0.52031 0.03281 0.07187
1 0.26445 0.60469 0.03047 0.07187
1 0.47305 0.51667 0.02734 0.06667
1 0.62344 0.43646 0.03750 0.07708
1 0.65820 0.43646 0.03672 0.07500
1 0.71641 0.42969 0.03281 0.06146
1 0.74648 0.41458 0.03203 0.06250
1 0.71914 0.35677 0.03359 0.07187
1 0.74961 0.34687 0.04766 0.06667
1 0.84102 0.42812 0.02578 0.06250
1 0.81836 0.51302 0.03359 0.07396
1 0.84805 0.50625 0.03359 0.07917
1 0.90352 0.50625 0.03203 0.07917
1 0.93516 0.50781 0.03594 0.09062
1 0.90195 0.58594 0.03516 0.07812
1 0.92500 0.60000 0.02344 0.08125
1 0.93086 0.66458 0.02891 0.06875
1 0.90352 0.65573 0.02734 0.06563
1 0.85195 0.66354 0.02578 0.06042
1 0.82031 0.66823 0.03594 0.07604
1 0.75430 0.67500 0.02891 0.06250
1 0.72227 0.66510 0.03359 0.07396
1 0.75508 0.58906 0.03359 0.06146
1 0.72422 0.58802 0.03594 0.06563
1 0.66289 0.57917 0.03047 0.06042
1 0.62656 0.59271 0.03438 0.05625
1 0.47813 0.66719 0.02969 0.06146
1 0.44844 0.67552 0.02500 0.06146
1 0.39062 0.66563 0.03281 0.07292
1 0.36133 0.67135 0.02734 0.05521
1 0.93359 0.88906 0.02187 0.06771
1 0.90352 0.89010 0.02578 0.06771
1 0.85039 0.88385 0.03672 0.07187
1 0.81523 0.88073 0.03203 0.07812
1 0.19219 0.37188 0.03594 0.06458
1 0.29492 0.44688 0.04453 0.06667
1 0.34805 0.44271 0.03047 0.07500
1 0.44336 0.50833 0.04141 0.07708
0 0.46719 0.59427 0.02813 0.06979
0 0.53945 0.59062 0.02891 0.07083
1 0.55469 0.67083 0.03750 0.05625
0 0.71602 0.74427 0.03516 0.06979
0 0.75039 0.74479 0.03516 0.07083
0 0.48164 0.74740 0.02891 0.06979
0 0.36016 0.60625 0.02656 0.07083
1 0.29531 0.60729 0.03438 0.06667
1 0.19727 0.53281 0.04297 0.06563
1 0.16172 0.45052 0.04063 0.07396
1 0.10625 0.45260 0.03906 0.08229
1 0.07305 0.45104 0.05078 0.07500
1 0.06484 0.37344 0.03438 0.07812
0 0.06680 0.27917 0.03516 0.05833
0 0.10117 0.28594 0.03672 0.07396
1 0.74375 0.88542 0.02969 0.06458
1 0.71445 0.88698 0.03047 0.06354
1 0.74492 0.81615 0.03359 0.06771
1 0.71602 0.81771 0.03359 0.06458
1 0.65742 0.81563 0.03359 0.07708
1 0.62852 0.82083 0.03359 0.07708
1 0.65195 0.72969 0.03359 0.05729
1 0.62734 0.74115 0.03594 0.06354
1 0.57734 0.74010 0.03594 0.07396
1 0.54492 0.74323 0.03203 0.07396
1 0.48008 0.82604 0.03359 0.07083
1 0.45312 0.83073 0.02969 0.06146
1 0.39883 0.90000 0.03047 0.06250
1 0.37266 0.90573 0.02813 0.06354
1 0.30430 0.91719 0.02891 0.05729
1 0.27227 0.91458 0.03359 0.07083
1 0.21484 0.91823 0.04063 0.07396
1 0.18203 0.92344 0.03125 0.05937
1 0.29531 0.75938 0.02656 0.06042
1 0.26758 0.75677 0.02578 0.06146
1 0.20625 0.76771 0.02500 0.06458
1 0.17891 0.77135 0.03125 0.06771
1 0.11953 0.77187 0.02813 0.06667
1 0.09102 0.77344 0.02734 0.06146
