0 0.46250 0.20677 0.03281 0.06563
0 0.49648 0.20156 0.03359 0.07396
0 0.65977 0.21042 0.03672 0.06667
0 0.70117 0.21042 0.03672 0.06667
0 0.65391 0.29271 0.03438 0.07708
0 0.68516 0.28906 0.03125 0.08021
0 0.06328 0.37865 0.03281 0.06979
0 0.39453 0.36198 0.03750 0.08021
0 0.46055 0.37135 0.03359 0.06146
0 0.49180 0.36875 0.03516 0.07292
0 0.65195 0.37083 0.03359 0.06250
0 0.68516 0.37292 0.03438 0.07708
0 0.74336 0.36615 0.02578 0.06771
0 0.77187 0.36719 0.02813 0.06771
0 0.29922 0.45990 0.02813 0.05937
0 0.83945 0.45521 0.04141 0.07917
0 0.87617 0.45052 0.03828 0.06771
0 0.93398 0.44583 0.03203 0.06667
0 0.96289 0.44792 0.03203 0.06250
0 0.11211 0.54427 0.04297 0.06146
0 0.47656 0.53594 0.03594 0.06146
0 0.73945 0.53229 0.03516 0.07292
0 0.77656 0.52760 0.03906 0.06771
0 0.45977 0.61615 0.02578 0.06979
0 0.49336 0.61823 0.03203 0.05521
0 0.08164 0.70625 0.02891 0.07083
0 0.17344 0.70312 0.03125 0.07292
0 0.20508 0.70677 0.03359 0.08021
0 0.39453 0.70052 0.03281 0.06979
0 0.93398 0.61250 0.03672 0.06875
0 0.96992 0.60833 0.03203 0.07292
0 0.65234 0.68958 0.02813 0.05833
0 0.68555 0.70104 0.03359 0.06875
0 0.73867 0.70104 0.03359 0.07708
0 0.77305 0.69479 0.03516 0.06875
0 0.93008 0.68802 0.03359 0.06771
0 0.96211 0.68802 0.03047 0.06771
0 0.75039 0.77448 0.03359 0.05937
0 0.78242 0.77344 0.03047 0.06146
0 0.93281 0.78177 0.03750 0.06771
0 0.96445 0.77500 0.03672 0.07708
0 0.46445 0.87083 0.03203 0.07708
0 0.49844 0.87135 0.03750 0.07812
0 0.94648 0.85417 0.04453 0.07083
0 0.97813 0.86458 0.02969 0.07083
0 0.07305 0.96250 0.03047 0.07292
0 0.10312 0.95990 0.02969 0.05937
0 0.17070 0.95885 0.03203 0.05937
0 0.20312 0.95573 0.03750 0.07812
0 0.26406 0.95677 0.03906 0.08021
0 0.29922 0.95312 0.04063 0.08750
0 0.64883 0.94844 0.03203 0.06771
0 0.68125 0.94688 0.04063 0.07708
0 0.93867 0.93490 0.03516 0.08229
0 0.97266 0.93750 0.04063 0.07708
0 0.09453 0.37396 0.02969 0.07708
0 0.46055 0.70260 0.03359 0.06979
0 0.49258 0.69896 0.02891 0.06667
0 0.26992 0.46042 0.03203 0.07500
0 0.26445 0.53854 0.04297 0.08333
0 0.30586 0.53177 0.04766 0.07812
0 0.36484 0.69844 0.03125 0.07187
0 0.35742 0.36510 0.03828 0.07812
1 0.40273 0.94896 0.03359 0.07292
1 0.36562 0.95208 0.02969 0.07500
1 0.07695 0.21146 0.03359 0.07917
1 0.10898 0.21250 0.03828 0.07708
1 0.06641 0.29792 0.02969 0.06667
1 0.09922 0.29010 0.04219 0.07396
1 0.10703 0.45990 0.03750 0.07187
1 0.19687 0.62604 0.03906 0.07292
1 0.20898 0.54271 0.03828 0.08125
1 0.17383 0.53594 0.03359 0.07396
1 0.19531 0.45833 0.04219 0.07500
1 0.16289 0.45260 0.03047 0.06771
1 0.16836 0.37865 0.03359 0.07187
1 0.20195 0.37240 0.03672 0.06563
1 0.16133 0.29167 0.03359 0.07500
1 0.19648 0.28698 0.04297 0.07187
1 0.19805 0.20156 0.03359 0.06979
1 0.16289 0.20260 0.03047 0.08854
1 0.26367 0.20885 0.03359 0.08021
1 0.29883 0.20833 0.03828 0.08542
1 0.26719 0.29479 0.03281 0.07708
1 0.30508 0.28958 0.03359 0.07708
1 0.27109 0.37708 0.03125 0.06042
1 0.30195 0.37500 0.03359 0.07500
1 0.26445 0.61562 0.03516 0.06250
1 0.30352 0.62240 0.03516 0.06563
1 0.26797 0.71198 0.03438 0.06979
1 0.30078 0.69792 0.03438 0.07708
1 0.36172 0.54010 0.03438 0.06563
1 0.39570 0.53594 0.03672 0.06354
1 0.36719 0.45417 0.02813 0.07500
1 0.38906 0.44948 0.02500 0.06979
1 0.38594 0.28490 0.03125 0.06771
1 0.36094 0.29271 0.02813 0.06042
1 0.39844 0.20469 0.03750 0.08854
1 0.36133 0.20260 0.04297 0.09062
1 0.46289 0.28490 0.03672 0.08646
1 0.49531 0.28125 0.03281 0.08125
1 0.46055 0.45781 0.03828 0.06771
1 0.49336 0.45469 0.03672 0.07396
1 0.40703 0.62083 0.03750 0.07917
1 0.37422 0.60677 0.04219 0.06354
1 0.58125 0.21146 0.02969 0.08542
1 0.55820 0.29583 0.03672 0.07292
1 0.59141 0.28958 0.03750 0.06875
1 0.55898 0.37812 0.03984 0.07292
1 0.59688 0.37083 0.03750 0.07708
1 0.55781 0.46406 0.03750 0.08229
1 0.58711 0.45417 0.02891 0.08958
1 0.56055 0.54323 0.03672 0.06771
1 0.59414 0.53854 0.02578 0.07083
1 0.75234 0.21510 0.02031 0.06979
1 0.78203 0.21458 0.03281 0.07500
1 0.73906 0.28906 0.03594 0.07396
1 0.77266 0.28854 0.03438 0.07083
1 0.64961 0.45312 0.03516 0.07917
1 0.69102 0.45417 0.04141 0.08125
1 0.65430 0.53906 0.03047 0.06979
1 0.68477 0.53229 0.02734 0.07708
1 0.65273 0.61771 0.03047 0.06458
1 0.68906 0.61094 0.04063 0.08229
1 0.74453 0.61615 0.03281 0.06771
1 0.77383 0.60729 0.03359 0.07083
1 0.75156 0.45052 0.02813 0.06354
1 0.77930 0.45312 0.03047 0.07292
1 0.86133 0.53177 0.03359 0.06979
1 0.84141 0.61979 0.04063 0.07500
1 0.87070 0.61198 0.03047 0.08021
1 0.84062 0.68698 0.03750 0.06146
1 0.87578 0.68490 0.03750 0.07812
1 0.84258 0.77708 0.03047 0.07083
1 0.86992 0.77240 0.03672 0.07187
1 0.93984 0.53490 0.03594 0.06771
1 0.96445 0.51719 0.03047 0.06146
1 0.83047 0.20469 0.03906 0.08646
1 0.86875 0.20938 0.05156 0.08750
1 0.92969 0.20573 0.03906 0.07812
1 0.96758 0.20573 0.03672 0.08646
1 0.97070 0.29479 0.03047 0.08750
1 0.93906 0.28750 0.03750 0.08750
1 0.93008 0.36615 0.03359 0.08021
1 0.95195 0.36771 0.03359 0.07708
1 0.87344 0.37448 0.03750 0.08229
1 0.83906 0.37083 0.03906 0.07500
1 0.83750 0.28385 0.02969 0.06563
1 0.86836 0.28281 0.03516 0.06771
1 0.07148 0.78594 0.03984 0.06979
1 0.10781 0.80417 0.03281 0.07500
1 0.20039 0.79427 0.03828 0.06979
1 0.26836 0.79219 0.03516 0.07396
1 0.30078 0.78750 0.03125 0.07292
1 0.36680 0.77656 0.02422 0.06354
1 0.39219 0.78385 0.03750 0.06979
1 0.39570 0.86198 0.03516 0.07396
1 0.36289 0.84948 0.03672 0.07396
1 0.30586 0.87813 0.03359 0.06667
1 0.27344 0.87240 0.02969 0.08021
1 0.20000 0.87604 0.03438 0.07083
1 0.10391 0.88594 0.03281 0.07187
1 0.06953 0.87917 0.03438 0.07292
0 0.07695 0.54427 0.03672 0.05937
1 0.10352 0.62448 0.04609 0.07187
1 0.15742 0.62500 0.04297 0.07708
1 0.17109 0.79479 0.03438 0.05833
0 0.11094 0.70208 0.03750 0.07500
1 0.06602 0.63021 0.02891 0.06875
1 0.07148 0.45990 0.03359 0.06146
1 0.16758 0.86823 0.03047 0.06146
1 0.46484 0.79010 0.03594 0.07187
1 0.49844 0.78073 0.03281 0.08646
1 0.55547 0.78854 0.03438 0.05417
1 0.58789 0.77552 0.02578 0.06979
1 0.58906 0.69427 0.02969 0.07187
1 0.55781 0.69323 0.02500 0.07187
1 0.59648 0.61510 0.03203 0.07187
1 0.56016 0.61406 0.03750 0.07396
1 0.56055 0.85365 0.02578 0.07812
1 0.58984 0.86146 0.03750 0.08333
1 0.65234 0.85313 0.03438 0.07292
1 0.68086 0.85729 0.02891 0.06875
1 0.67734 0.77604 0.03125 0.06250
1 0.64453 0.78177 0.02344 0.05937
1 0.58906 0.95885 0.02500 0.08229
1 0.56406 0.95677 0.02656 0.08438
1 0.48789 0.94583 0.03359 0.07917
1 0.45859 0.95469 0.03438 0.08438
1 0.84961 0.86146 0.02891 0.07083
1 0.87930 0.86094 0.03672 0.07812
1 0.77852 0.85313 0.03203 0.07500
1 0.74492 0.84844 0.03047 0.07812
1 0.75313 0.93854 0.03750 0.08333
1 0.78672 0.93646 0.03438 0.08542
1 0.84570 0.93646 0.03359 0.08542
1 0.88203 0.94219 0.03594 0.07812
