0 0.28945 0.78281 0.03359 0.06354
0 0.32227 0.77135 0.03516 0.05937
0 0.64922 0.68906 0.02969 0.06354
0 0.68203 0.69583 0.03125 0.07083
0 0.29258 0.69948 0.02891 0.06563
0 0.32070 0.69427 0.03516 0.06563
0 0.19414 0.45833 0.03203 0.06667
0 0.22852 0.46563 0.03203 0.06667
0 0.56016 0.29219 0.03438 0.06146
0 0.59570 0.29531 0.03203 0.06354
0 0.27734 0.22187 0.03281 0.07708
0 0.31523 0.21771 0.03984 0.07292
1 0.09805 0.22500 0.03203 0.07083
1 0.13125 0.23073 0.03438 0.07396
1 0.19062 0.22240 0.02813 0.07396
1 0.22578 0.21875 0.04063 0.08542
1 0.37969 0.21510 0.03594 0.08229
1 0.41289 0.21615 0.03672 0.08021
1 0.47578 0.22708 0.03594 0.07500
1 0.50938 0.22187 0.03594 0.07708
1 0.56445 0.21979 0.03672 0.07708
1 0.59609 0.22083 0.03750 0.07500
1 0.66094 0.22187 0.03281 0.06458
1 0.69297 0.23958 0.02813 0.08333
1 0.75000 0.21302 0.02969 0.08229
1 0.77734 0.21406 0.03125 0.08021
1 0.10312 0.29427 0.03281 0.06563
1 0.13437 0.30833 0.03281 0.06250
1 0.18555 0.30260 0.03828 0.06354
1 0.21094 0.29948 0.03281 0.06146
1 0.30352 0.30260 0.03984 0.07396
1 0.33594 0.30365 0.03594 0.07187
1 0.38672 0.30260 0.03594 0.07187
1 0.42070 0.30156 0.03984 0.07396
1 0.47109 0.30260 0.02969 0.06354
1 0.50078 0.30677 0.03281 0.06771
1 0.64258 0.30052 0.03672 0.06979
1 0.67461 0.30677 0.03828 0.06563
1 0.75508 0.30573 0.02891 0.06771
1 0.78789 0.31042 0.03516 0.06250
1 0.09492 0.37917 0.03203 0.06667
1 0.12656 0.38333 0.04688 0.06458
1 0.19531 0.37865 0.03750 0.06979
1 0.22969 0.38906 0.04219 0.06354
1 0.28242 0.39219 0.03828 0.06354
1 0.32188 0.38698 0.03906 0.08438
1 0.38438 0.39115 0.03281 0.08229
1 0.41680 0.38594 0.03672 0.08021
1 0.47539 0.38802 0.03672 0.07396
1 0.51445 0.38281 0.03984 0.08229
1 0.57070 0.37552 0.03203 0.06354
1 0.60078 0.38802 0.03438 0.06354
1 0.65547 0.38490 0.03125 0.06979
1 0.68516 0.38125 0.03281 0.06458
1 0.75078 0.37969 0.03125 0.08229
1 0.78242 0.38021 0.03203 0.07500
1 0.10117 0.45937 0.03672 0.07917
1 0.13281 0.46250 0.03594 0.07083
1 0.28086 0.46198 0.02891 0.07187
1 0.09766 0.54531 0.03281 0.06771
1 0.12969 0.54063 0.03438 0.07917
1 0.19141 0.54531 0.04063 0.08229
1 0.22344 0.54531 0.04219 0.07604
1 0.28789 0.53802 0.03828 0.06771
1 0.32305 0.54271 0.04297 0.07917
1 0.31133 0.45990 0.02891 0.06354
1 0.38438 0.46771 0.02969 0.06667
1 0.41289 0.46510 0.03203 0.06771
1 0.47539 0.45677 0.03359 0.05521
1 0.50664 0.47344 0.03984 0.06354
1 0.57266 0.45625 0.03281 0.07708
1 0.60313 0.46094 0.02813 0.07604
1 0.65938 0.46250 0.03594 0.08125
1 0.68711 0.46354 0.03047 0.08125
1 0.74961 0.45833 0.03047 0.07708
1 0.78047 0.46302 0.03281 0.06771
1 0.38086 0.54688 0.03984 0.06458
1 0.41758 0.54479 0.04141 0.06458
1 0.47031 0.54167 0.03281 0.07083
1 0.50078 0.54219 0.02969 0.07187
1 0.56953 0.54115 0.02969 0.06979
1 0.59805 0.54063 0.03203 0.06250
1 0.65742 0.53906 0.03047 0.07187
1 0.68281 0.53229 0.03594 0.06458
1 0.74219 0.52812 0.03125 0.06250
1 0.77422 0.53073 0.02969 0.05312
1 0.95742 0.53490 0.02734 0.06979
1 0.93594 0.53542 0.03125 0.06042
1 0.95547 0.45312 0.03281 0.05417
1 0.92344 0.46615 0.02969 0.05729
1 0.95937 0.37865 0.03125 0.06354
1 0.92695 0.37500 0.03672 0.05833
1 0.87500 0.38229 0.02656 0.06042
1 0.84609 0.38281 0.02813 0.06563
1 0.86523 0.45417 0.03047 0.07500
1 0.83633 0.45521 0.03359 0.07292
1 0.86719 0.53698 0.02656 0.06979
1 0.84102 0.53385 0.03359 0.08438
1 0.92227 0.30990 0.02891 0.06354
1 0.95000 0.29740 0.03594 0.06354
1 0.87578 0.29583 0.03594 0.06250
1 0.84062 0.30052 0.03438 0.06563
1 0.96094 0.23229 0.02813 0.06458
1 0.93437 0.23021 0.02813 0.05833
1 0.87031 0.23125 0.02656 0.06042
1 0.84141 0.22240 0.02656 0.06563
1 0.12734 0.61667 0.03125 0.06458
1 0.09922 0.62917 0.02656 0.05625
1 0.19180 0.62135 0.03672 0.07396
1 0.22539 0.62083 0.03203 0.06667
1 0.30430 0.62083 0.03359 0.06875
1 0.39531 0.61510 0.03438 0.07187
1 0.38359 0.68854 0.03750 0.06458
1 0.41875 0.69427 0.03594 0.06146
1 0.20039 0.70104 0.03828 0.07292
1 0.23008 0.69792 0.03359 0.06875
1 0.13203 0.70417 0.03594 0.07917
1 0.09961 0.70521 0.03203 0.07500
1 0.09961 0.77917 0.03203 0.06875
1 0.12812 0.77708 0.02656 0.05417
1 0.20078 0.78177 0.03125 0.05312
1 0.22930 0.77812 0.03047 0.05208
1 0.42539 0.61406 0.03203 0.06146
1 0.47031 0.62813 0.03125 0.06458
1 0.50352 0.61823 0.03359 0.06979
1 0.57031 0.61979 0.03438 0.06458
1 0.59844 0.61198 0.03906 0.05729
1 0.65664 0.61875 0.02422 0.06042
1 0.68867 0.61979 0.03359 0.05625
1 0.78398 0.60677 0.03516 0.07187
1 0.74961 0.60729 0.03828 0.07292
1 0.84414 0.60729 0.02734 0.06458
1 0.86797 0.60990 0.02656 0.06563
1 0.92734 0.60625 0.03594 0.07083
1 0.95977 0.61146 0.03359 0.07708
1 0.95156 0.68854 0.02656 0.06250
1 0.92305 0.68229 0.02578 0.05833
1 0.86719 0.69219 0.03594 0.06563
1 0.83594 0.68437 0.03594 0.07083
1 0.78008 0.69010 0.03672 0.07396
1 0.74414 0.68490 0.03672 0.07396
1 0.59531 0.68229 0.02813 0.05833
1 0.56328 0.68906 0.03125 0.05104
1 0.50742 0.69010 0.03672 0.06354
1 0.47070 0.69896 0.03828 0.05625
1 0.22070 0.93698 0.03516 0.06354
1 0.19453 0.93490 0.02500 0.06771
1 0.22422 0.85729 0.02969 0.06250
1 0.19062 0.86094 0.03750 0.05937
1 0.13281 0.85938 0.03438 0.07292
1 0.10000 0.85938 0.03438 0.06875
1 0.10195 0.93542 0.03359 0.06875
1 0.13672 0.93437 0.03906 0.06667
1 0.37500 0.77344 0.03281 0.07396
1 0.40703 0.77292 0.03750 0.07500
1 0.48008 0.77344 0.03047 0.06563
1 0.50977 0.77292 0.03359 0.06250
1 0.56484 0.76771 0.02656 0.06458
1 0.60273 0.77292 0.03984 0.07500
1 0.66328 0.77500 0.02500 0.05625
1 0.69023 0.76354 0.03359 0.06667
1 0.75547 0.76771 0.02969 0.06667
1 0.78164 0.76562 0.03203 0.06875
1 0.77852 0.84271 0.02734 0.07292
1 0.74414 0.84375 0.03828 0.06875
1 0.75352 0.92292 0.02578 0.06875
1 0.77969 0.91927 0.03281 0.06563
1 0.68594 0.89844 0.03125 0.07812
1 0.68594 0.83750 0.02969 0.06458
1 0.65586 0.84531 0.03359 0.06771
1 0.65508 0.92240 0.03047 0.08229
1 0.58906 0.91927 0.02344 0.06146
1 0.56211 0.92604 0.03203 0.06250
1 0.59453 0.84740 0.03281 0.06771
1 0.56289 0.85000 0.03672 0.06042
1 0.50352 0.84688 0.02578 0.07292
1 0.47852 0.84635 0.02891 0.07812
1 0.50938 0.92500 0.03281 0.07708
1 0.47891 0.92604 0.02813 0.07500
1 0.41875 0.92708 0.03281 0.07292
1 0.38984 0.92344 0.03281 0.07396
1 0.41680 0.85573 0.03203 0.05312
1 0.38633 0.85052 0.03359 0.05312
1 0.31875 0.85313 0.02813 0.07083
1 0.29336 0.86406 0.03047 0.06563
1 0.32109 0.93229 0.03281 0.06250
1 0.29570 0.93177 0.02578 0.06771
1 0.95117 0.92135 0.02734 0.06563
1 0.92383 0.91927 0.02891 0.06354
1 0.94922 0.84792 0.03594 0.07917
1 0.91797 0.84375 0.03906 0.08750
1 0.95781 0.76771 0.02813 0.06042
1 0.92734 0.77396 0.02813 0.06250
1 0.86758 0.76562 0.02891 0.06667
1 0.83672 0.76510 0.03125 0.06563
1 0.83594 0.83854 0.03750 0.07708
1 0.86992 0.83750 0.03984 0.07917
1 0.86562 0.92448 0.02187 0.05312
1 0.84297 0.91979 0.02656 0.06250
