1 0.48747 0.92058 0.03521 0.06859
1 0.91977 0.60379 0.02911 0.06318
1 0.84326 0.90975 0.03318 0.06318
1 0.45396 0.91606 0.03182 0.07401
1 0.06534 0.93051 0.02911 0.06859
1 0.05450 0.60334 0.03724 0.08032
1 0.09411 0.93186 0.03114 0.07130
1 0.06635 0.85424 0.02844 0.06949
1 0.94787 0.59206 0.02844 0.06318
1 0.09614 0.85153 0.03385 0.07310
1 0.08903 0.68547 0.03318 0.07671
1 0.06635 0.77662 0.03656 0.07671
1 0.10020 0.76670 0.03250 0.07852
1 0.06060 0.69269 0.03047 0.07852
0 0.93670 0.19630 0.02776 0.06949
0 0.86865 0.19720 0.02979 0.07310
1 0.95058 0.27527 0.03250 0.07581
1 0.92079 0.27392 0.03250 0.07491
1 0.74035 0.18908 0.03047 0.06769
0 0.86696 0.26986 0.03588 0.06859
0 0.83649 0.27347 0.03182 0.05957
1 0.64218 0.19134 0.02911 0.06859
1 0.58226 0.18953 0.03385 0.07581
1 0.54705 0.19224 0.03385 0.08303
0 0.47596 0.18727 0.03791 0.07671
1 0.67163 0.19224 0.02979 0.06859
0 0.63541 0.27256 0.03859 0.07581
0 0.57549 0.27572 0.03250 0.06769
0 0.44042 0.18998 0.03588 0.07491
0 0.39066 0.18457 0.03250 0.07491
1 0.73290 0.43547 0.03453 0.07852
1 0.57888 0.35605 0.03114 0.06949
1 0.55112 0.36282 0.03114 0.07220
1 0.48070 0.27978 0.02979 0.07401
0 0.35545 0.18727 0.03521 0.08032
0 0.92417 0.52166 0.02979 0.05776
1 0.45058 0.28023 0.03047 0.06949
0 0.95295 0.51264 0.02911 0.06137
0 0.86053 0.43682 0.03521 0.07401
0 0.63778 0.36372 0.03250 0.07220
0 0.73155 0.27301 0.02776 0.07130
1 0.77217 0.19946 0.03047 0.06498
0 0.83683 0.19585 0.03385 0.08123
0 0.92857 0.43366 0.02911 0.06047
0 0.64252 0.44901 0.02844 0.06408
0 0.54536 0.28565 0.03047 0.06408
0 0.66791 0.36011 0.03182 0.06679
1 0.73189 0.35875 0.03250 0.06047
1 0.76540 0.35785 0.03453 0.06949
0 0.82566 0.43773 0.03859 0.07040
0 0.85511 0.50812 0.02844 0.05415
1 0.76642 0.44134 0.04198 0.07220
0 0.82194 0.51986 0.03250 0.07581
0 0.76066 0.51850 0.03182 0.06227
0 0.67095 0.44675 0.02979 0.06679
1 0.55687 0.44359 0.03047 0.07491
0 0.18517 0.52392 0.02640 0.07130
1 0.26066 0.60560 0.03521 0.07220
1 0.14827 0.44810 0.03114 0.07671
0 0.25897 0.76715 0.03047 0.07040
0 0.66825 0.60695 0.03250 0.06408
0 0.72986 0.51805 0.02708 0.06318
0 0.82261 0.60199 0.03385 0.07581
0 0.85748 0.60153 0.02911 0.07130
1 0.94685 0.67780 0.02911 0.05054
0 0.19634 0.86327 0.04198 0.06769
0 0.15877 0.77121 0.03588 0.06949
1 0.15606 0.69314 0.03724 0.07942
1 0.09039 0.60379 0.04130 0.08664
0 0.05721 0.51309 0.02911 0.06047
0 0.15775 0.85605 0.03656 0.08032
1 0.45599 0.76940 0.03859 0.08394
1 0.18991 0.60695 0.03724 0.08032
0 0.09242 0.51715 0.03182 0.06498
0 0.05789 0.43863 0.03047 0.07401
1 0.48443 0.83619 0.03588 0.06047
1 0.45091 0.84025 0.03250 0.05776
1 0.53555 0.59883 0.03385 0.07671
1 0.57278 0.52256 0.03250 0.07040
1 0.63439 0.75857 0.03250 0.07310
0 0.29452 0.52301 0.03250 0.06769
0 0.81889 0.83845 0.02911 0.06679
0 0.45464 0.43502 0.02911 0.05957
1 0.91740 0.67644 0.03114 0.06227
0 0.63947 0.60334 0.03047 0.06949
1 0.38253 0.36056 0.03250 0.08213
1 0.76473 0.59838 0.03318 0.06859
1 0.85342 0.67644 0.03453 0.07130
0 0.93466 0.76309 0.02505 0.05686
0 0.91808 0.83348 0.02708 0.05325
0 0.90961 0.76399 0.02505 0.05505
0 0.85376 0.76083 0.03114 0.06498
0 0.82092 0.67825 0.02776 0.08935
1 0.73324 0.59883 0.03250 0.07130
0 0.64015 0.52211 0.03318 0.06949
0 0.48409 0.43051 0.02844 0.05776
1 0.47563 0.36011 0.03182 0.06679
1 0.44651 0.36011 0.02911 0.06318
0 0.37678 0.27617 0.03453 0.07942
0 0.34766 0.27617 0.03047 0.07401
1 0.28402 0.27166 0.03859 0.08664
0 0.94584 0.82897 0.02708 0.05505
1 0.19431 0.93366 0.03250 0.07491
1 0.16148 0.93366 0.03318 0.07310
1 0.25592 0.84838 0.03114 0.07762
0 0.20074 0.77482 0.03995 0.07852
1 0.19397 0.69495 0.03724 0.07581
1 0.15403 0.60695 0.03724 0.08032
0 0.08869 0.43321 0.03385 0.07762
1 0.05924 0.35424 0.03453 0.07671
0 0.15877 0.52211 0.03047 0.06949
0 0.25660 0.92464 0.03385 0.07130
1 0.29248 0.84522 0.03656 0.06769
0 0.29215 0.76895 0.03453 0.07762
1 0.25389 0.68682 0.03385 0.07401
0 0.29181 0.92238 0.03521 0.07040
0 0.35173 0.84477 0.03588 0.07762
1 0.35240 0.76805 0.02911 0.06679
1 0.28538 0.68773 0.03318 0.07581
1 0.29485 0.60514 0.03182 0.06949
0 0.25660 0.52166 0.03521 0.07401
0 0.38152 0.68141 0.03588 0.06318
0 0.35748 0.92238 0.03114 0.06498
0 0.38456 0.84341 0.02979 0.06047
1 0.38152 0.75948 0.03047 0.06588
0 0.34665 0.68637 0.03114 0.06408
1 0.35342 0.60785 0.03791 0.07671
0 0.39133 0.92148 0.03385 0.06679
0 0.54570 0.92283 0.02979 0.06769
1 0.53419 0.83845 0.03791 0.06859
1 0.49154 0.76715 0.03927 0.08303
0 0.54435 0.75451 0.02979 0.06859
0 0.57448 0.92103 0.02911 0.06588
1 0.57989 0.83935 0.03182 0.06498
1 0.45091 0.68096 0.03385 0.07130
1 0.38998 0.60199 0.03791 0.07401
1 0.18179 0.43637 0.03318 0.07491
1 0.09716 0.34838 0.03318 0.06859
0 0.63981 0.91516 0.02844 0.06679
1 0.66723 0.83845 0.02911 0.06859
1 0.63710 0.83755 0.03250 0.07581
0 0.57448 0.75677 0.03318 0.07130
1 0.48375 0.67329 0.03724 0.06859
0 0.44990 0.60153 0.03318 0.07852
1 0.38558 0.43908 0.03453 0.07491
1 0.35376 0.43727 0.03453 0.07671
0 0.18822 0.26940 0.03791 0.07491
0 0.48815 0.51850 0.03656 0.07310
1 0.67129 0.68321 0.03047 0.07040
0 0.66622 0.91968 0.03250 0.06137
0 0.53622 0.67238 0.03791 0.07401
0 0.45430 0.52076 0.03791 0.07942
0 0.39573 0.51670 0.03724 0.08213
0 0.27150 0.44404 0.03114 0.07220
1 0.27082 0.35334 0.03250 0.07852
0 0.15301 0.27301 0.03927 0.07310
1 0.64252 0.68096 0.02844 0.07130
1 0.72580 0.75722 0.03521 0.06679
0 0.72884 0.83845 0.02911 0.06679
0 0.75457 0.84025 0.03318 0.06679
0 0.72343 0.91516 0.03182 0.07581
0 0.35173 0.51850 0.03859 0.07491
1 0.81449 0.91155 0.03385 0.06318
0 0.75592 0.91381 0.03318 0.06047
1 0.66858 0.75677 0.03182 0.07130
0 0.56872 0.67599 0.03521 0.07220
0 0.48138 0.59431 0.03385 0.07852
1 0.18416 0.35469 0.03250 0.07220
1 0.15098 0.35153 0.03385 0.07671
0 0.09039 0.26850 0.03724 0.07852
0 0.05789 0.27031 0.03182 0.07491
1 0.24882 0.26895 0.03724 0.08664
1 0.58802 0.44314 0.03453 0.07401
0 0.67163 0.52843 0.02979 0.06769
1 0.76303 0.68276 0.03521 0.06408
0 0.81991 0.75993 0.03114 0.06498
0 0.90826 0.90884 0.03588 0.07040
0 0.84834 0.83529 0.02979 0.07491
1 0.76337 0.75812 0.03588 0.07040
1 0.73053 0.68051 0.02979 0.07040
1 0.56872 0.59747 0.03250 0.07581
1 0.53893 0.51670 0.03385 0.07671
1 0.35240 0.35921 0.03588 0.08484
1 0.04536 0.18005 0.03656 0.09116
1 0.08091 0.18366 0.04401 0.09116
0 0.14218 0.17419 0.04333 0.09206
0 0.18687 0.18321 0.04198 0.09206
0 0.24712 0.18005 0.03656 0.08574
0 0.28470 0.18321 0.03724 0.08303
0 0.67265 0.27392 0.03318 0.07852
0 0.75829 0.27437 0.03656 0.07401
0 0.82498 0.35153 0.03859 0.07852
0 0.86256 0.35875 0.03521 0.07491
0 0.91842 0.35334 0.02911 0.06408
0 0.94821 0.35560 0.03182 0.06679
0 0.95701 0.43141 0.02776 0.06137
0 0.94211 0.90884 0.03453 0.07942
0 0.96005 0.19134 0.02573 0.06498
