1 0.22109 0.85625 0.03438 0.07292
1 0.38242 0.92604 0.02891 0.06250
1 0.12461 0.70521 0.03828 0.07708
1 0.22148 0.94063 0.03047 0.06250
1 0.95039 0.34583 0.02891 0.07292
1 0.41016 0.92396 0.03125 0.06667
1 0.94727 0.26719 0.03359 0.08021
1 0.91602 0.26875 0.03359 0.07708
1 0.92188 0.34687 0.03125 0.07083
1 0.19336 0.94010 0.02891 0.05729
1 0.91680 0.18438 0.03359 0.07083
1 0.83867 0.19427 0.03672 0.06771
1 0.87148 0.19115 0.03672 0.07812
1 0.18750 0.85833 0.03594 0.07500
1 0.76836 0.58854 0.02891 0.06042
1 0.95039 0.18333 0.03672 0.07292
1 0.59297 0.67292 0.03438 0.05833
1 0.21484 0.77865 0.03281 0.06771
1 0.55820 0.90833 0.02891 0.05625
1 0.56172 0.83229 0.02813 0.07083
1 0.95391 0.58281 0.02813 0.06563
1 0.95820 0.89271 0.03203 0.06458
1 0.92695 0.89219 0.03359 0.06146
1 0.86836 0.90000 0.03203 0.06458
1 0.94414 0.42344 0.03516 0.06979
1 0.48984 0.20208 0.03438 0.07500
1 0.45586 0.20000 0.03359 0.07917
1 0.77891 0.19427 0.03906 0.06979
1 0.67617 0.18333 0.03828 0.08542
1 0.73906 0.19479 0.03438 0.07500
0 0.84570 0.26406 0.03828 0.06979
1 0.31328 0.19948 0.03281 0.07187
0 0.82773 0.34583 0.03359 0.07292
0 0.73320 0.27813 0.03672 0.07292
0 0.68047 0.27135 0.02969 0.06563
1 0.64336 0.19167 0.03516 0.08542
1 0.59180 0.19792 0.03516 0.06875
1 0.55664 0.19740 0.03516 0.07396
0 0.86250 0.35052 0.03281 0.06771
0 0.65469 0.27656 0.02969 0.06146
0 0.39375 0.20417 0.03281 0.07708
1 0.28164 0.20208 0.03359 0.07083
1 0.49219 0.28229 0.03438 0.06875
1 0.68828 0.35000 0.03438 0.07708
0 0.40039 0.28385 0.03828 0.07187
1 0.65508 0.35052 0.03516 0.08021
1 0.58594 0.28229 0.03750 0.07708
1 0.55000 0.28333 0.03594 0.07708
0 0.36367 0.19635 0.03516 0.07187
1 0.19375 0.20625 0.04688 0.09375
0 0.68828 0.51771 0.03906 0.07708
0 0.68516 0.44323 0.03125 0.06771
0 0.59023 0.36615 0.03516 0.07396
1 0.82656 0.42344 0.03281 0.07187
1 0.85781 0.42969 0.03281 0.06563
0 0.95391 0.49635 0.03281 0.07604
1 0.86836 0.50990 0.03828 0.08021
1 0.83516 0.50313 0.03438 0.07292
1 0.45859 0.27969 0.03281 0.06979
1 0.07500 0.20990 0.03594 0.08646
1 0.10742 0.21094 0.03359 0.06979
0 0.46133 0.35938 0.03359 0.06875
0 0.55586 0.36302 0.03672 0.07812
0 0.08711 0.54167 0.03203 0.07292
0 0.08555 0.62344 0.03359 0.08021
1 0.31094 0.45000 0.02969 0.06667
1 0.39258 0.44583 0.03203 0.06667
1 0.55703 0.44583 0.03125 0.06667
0 0.58828 0.51615 0.03594 0.07604
1 0.92773 0.58281 0.02734 0.06771
1 0.77422 0.66146 0.03438 0.06458
1 0.83125 0.57552 0.03281 0.07396
0 0.76953 0.43490 0.03281 0.07187
0 0.92500 0.50990 0.03438 0.06146
0 0.92852 0.66302 0.03047 0.06979
1 0.86211 0.58281 0.03203 0.06979
1 0.76445 0.50833 0.03203 0.07083
0 0.65586 0.44740 0.03203 0.06979
1 0.58477 0.43229 0.03203 0.06250
0 0.49531 0.36146 0.03594 0.06667
0 0.36602 0.28958 0.03516 0.07500
0 0.96055 0.65469 0.02734 0.06771
1 0.40937 0.67708 0.02500 0.05833
1 0.26992 0.35573 0.03203 0.06146
1 0.36055 0.44896 0.03047 0.06875
1 0.30273 0.36406 0.03203 0.06146
0 0.40703 0.36406 0.03906 0.07812
0 0.55547 0.51979 0.03281 0.07292
1 0.64727 0.75260 0.03203 0.06354
1 0.67812 0.74635 0.03281 0.06771
1 0.77031 0.74010 0.02813 0.06771
1 0.85703 0.74219 0.03281 0.05729
1 0.86484 0.66875 0.03281 0.07083
0 0.49609 0.44062 0.03438 0.06458
0 0.46484 0.45052 0.03281 0.06354
0 0.36211 0.37083 0.03672 0.06667
1 0.29570 0.28333 0.03672 0.07917
1 0.26289 0.28542 0.03359 0.07500
0 0.11836 0.62500 0.03672 0.08542
1 0.18438 0.78542 0.02969 0.06667
1 0.38203 0.68125 0.02656 0.06042
1 0.21094 0.28490 0.03594 0.06979
1 0.17891 0.29010 0.03594 0.07396
1 0.30781 0.76302 0.02969 0.06354
1 0.27695 0.69531 0.03203 0.06771
0 0.38711 0.85781 0.03047 0.05937
0 0.41172 0.84010 0.03125 0.05937
1 0.73906 0.82292 0.03438 0.07708
0 0.31562 0.60521 0.03906 0.07500
1 0.18125 0.45104 0.03125 0.06458
1 0.27852 0.53385 0.03359 0.07396
0 0.46484 0.52031 0.03438 0.07187
1 0.87227 0.82083 0.03359 0.06875
1 0.58984 0.59948 0.03125 0.06979
0 0.46016 0.60365 0.03594 0.07396
1 0.65781 0.59427 0.03594 0.06771
1 0.83281 0.67344 0.03438 0.07187
0 0.94648 0.74010 0.03672 0.07396
0 0.92969 0.81354 0.02813 0.06667
1 0.82852 0.74167 0.02891 0.06042
1 0.74375 0.66823 0.03281 0.06354
1 0.68281 0.66979 0.03125 0.06667
1 0.08906 0.70260 0.03438 0.07604
1 0.12422 0.78281 0.03594 0.06979
0 0.13047 0.86146 0.03438 0.07083
0 0.95547 0.81510 0.02969 0.06563
0 0.09531 0.86146 0.03594 0.07292
1 0.09102 0.78333 0.03203 0.07292
1 0.27734 0.77135 0.03125 0.06771
0 0.10273 0.94583 0.03516 0.06875
1 0.27695 0.85000 0.03516 0.07292
0 0.21797 0.69844 0.03438 0.07187
0 0.18477 0.70052 0.03203 0.07396
1 0.17891 0.61562 0.03438 0.07500
1 0.08320 0.46458 0.02891 0.06875
1 0.30820 0.69063 0.03203 0.06458
0 0.28594 0.93229 0.03125 0.06667
1 0.31133 0.85052 0.03828 0.08021
0 0.46523 0.76615 0.03359 0.07604
0 0.31758 0.92760 0.03203 0.06563
1 0.37109 0.76510 0.03438 0.06979
0 0.27813 0.61406 0.03438 0.07187
1 0.17930 0.53073 0.03359 0.07396
1 0.11289 0.46875 0.03359 0.06667
1 0.21094 0.53646 0.03438 0.07292
0 0.50234 0.75990 0.03594 0.06563
0 0.47070 0.91563 0.02891 0.06250
1 0.49141 0.84896 0.03438 0.06458
1 0.40430 0.76719 0.03516 0.06146
1 0.21094 0.61146 0.02969 0.06875
0 0.11953 0.53542 0.03281 0.06042
0 0.49453 0.60000 0.03438 0.06875
1 0.55781 0.60938 0.03594 0.07500
1 0.58906 0.82917 0.02813 0.07083
1 0.59062 0.90469 0.03281 0.06146
1 0.65117 0.89948 0.03359 0.06563
1 0.68047 0.90677 0.03125 0.06354
0 0.50156 0.91302 0.03125 0.06354
0 0.67344 0.82812 0.03125 0.06458
0 0.64414 0.83073 0.03203 0.06771
1 0.54883 0.74948 0.03047 0.06146
1 0.47500 0.68490 0.03594 0.07604
1 0.36523 0.59844 0.03047 0.05729
1 0.31172 0.53125 0.03438 0.07500
1 0.20273 0.37240 0.03672 0.08021
1 0.07266 0.37917 0.04375 0.07917
0 0.39453 0.51823 0.03281 0.06146
1 0.65312 0.66875 0.03438 0.06875
1 0.74062 0.74062 0.03281 0.06458
1 0.77187 0.81927 0.03594 0.07604
1 0.83828 0.81875 0.03281 0.06875
1 0.83203 0.89583 0.03281 0.06458
0 0.72656 0.89583 0.02969 0.06458
1 0.58125 0.75521 0.03125 0.05833
1 0.55781 0.67969 0.03125 0.05521
1 0.39687 0.60000 0.03281 0.06667
1 0.21055 0.45000 0.03203 0.06875
1 0.11328 0.36562 0.03906 0.08125
1 0.10820 0.29010 0.03359 0.06771
1 0.07461 0.29271 0.03516 0.07500
1 0.16719 0.37188 0.03750 0.08333
1 0.28164 0.45208 0.03359 0.06875
0 0.49492 0.52552 0.02891 0.06563
0 0.65273 0.52500 0.03984 0.07500
1 0.69414 0.58750 0.03516 0.06875
1 0.74102 0.58385 0.02891 0.06771
1 0.73203 0.51146 0.03438 0.06667
0 0.73867 0.43281 0.03047 0.07187
1 0.73945 0.35208 0.03672 0.07708
1 0.77539 0.34635 0.03672 0.08021
0 0.76875 0.26927 0.03125 0.06563
0 0.75859 0.89271 0.03594 0.06250
