1 0.86133 0.26875 0.03047 0.07292
1 0.95820 0.58802 0.03203 0.06771
1 0.56914 0.91146 0.03203 0.07292
1 0.11875 0.61458 0.03750 0.08125
1 0.76719 0.35781 0.03750 0.08646
1 0.92969 0.66615 0.03125 0.06563
1 0.38281 0.91615 0.03125 0.06771
1 0.21055 0.61615 0.03516 0.07187
1 0.09414 0.93490 0.03359 0.07396
1 0.11797 0.45729 0.03438 0.06667
1 0.91797 0.26979 0.03750 0.07917
1 0.17891 0.61146 0.03125 0.07083
1 0.83555 0.58333 0.03203 0.07292
1 0.74492 0.19896 0.03203 0.07917
1 0.18711 0.93021 0.02891 0.07083
1 0.65195 0.28073 0.03672 0.06771
1 0.83203 0.27240 0.03125 0.07604
1 0.28320 0.84844 0.03203 0.06771
1 0.28047 0.68594 0.03281 0.07396
1 0.77734 0.27656 0.03438 0.08021
1 0.68594 0.43385 0.03594 0.06979
1 0.08438 0.45417 0.03281 0.07083
1 0.28711 0.92604 0.03516 0.06875
1 0.18984 0.77552 0.03594 0.06979
1 0.21641 0.85208 0.03125 0.06875
1 0.38281 0.84219 0.03281 0.06771
1 0.12070 0.69740 0.03359 0.06979
1 0.08789 0.53177 0.03516 0.06771
1 0.22305 0.76875 0.03672 0.07500
1 0.41211 0.91563 0.03047 0.06875
1 0.68359 0.28073 0.03281 0.06979
1 0.21563 0.68646 0.03125 0.06458
1 0.64453 0.36406 0.03594 0.07396
1 0.84297 0.19323 0.03750 0.08021
1 0.74492 0.27552 0.03516 0.08021
1 0.21445 0.93229 0.02734 0.06875
1 0.77109 0.89844 0.03906 0.06979
1 0.83516 0.88906 0.03281 0.07604
1 0.31523 0.76458 0.03359 0.07500
1 0.63711 0.19792 0.03359 0.08125
1 0.31328 0.84583 0.03125 0.07500
1 0.18438 0.68646 0.03281 0.06667
1 0.31758 0.92083 0.03516 0.07292
1 0.77461 0.19583 0.03359 0.08542
1 0.58789 0.28125 0.03984 0.07083
1 0.67695 0.19531 0.04453 0.08229
1 0.59922 0.90104 0.03438 0.06250
1 0.92578 0.58854 0.03594 0.07292
1 0.73477 0.88906 0.03203 0.06146
1 0.73242 0.35313 0.03672 0.08333
1 0.68086 0.35573 0.03828 0.08021
1 0.58828 0.35990 0.03125 0.07187
1 0.56016 0.36198 0.03125 0.06771
0 0.39766 0.28125 0.03438 0.07292
1 0.55547 0.28542 0.03125 0.07500
1 0.46289 0.20208 0.04141 0.09375
1 0.39961 0.19635 0.03984 0.08438
1 0.36445 0.19844 0.03359 0.07604
1 0.29961 0.19479 0.03984 0.08750
1 0.31211 0.68385 0.03516 0.07396
1 0.08828 0.36562 0.03281 0.07708
0 0.37812 0.75729 0.03281 0.06458
1 0.47383 0.67917 0.02891 0.06250
0 0.56445 0.74479 0.03203 0.06875
1 0.50117 0.67396 0.02734 0.05625
0 0.59492 0.74323 0.03359 0.07187
1 0.50313 0.36042 0.03281 0.06250
1 0.56563 0.67188 0.02656 0.06042
0 0.65781 0.66719 0.02969 0.06771
1 0.95820 0.66406 0.02734 0.06354
0 0.65586 0.74687 0.02578 0.07917
1 0.46953 0.35677 0.03594 0.06979
1 0.37305 0.44479 0.03359 0.07708
0 0.92656 0.73594 0.03125 0.06979
1 0.86445 0.66146 0.03359 0.06667
1 0.27500 0.29792 0.02969 0.07292
1 0.28203 0.76406 0.03750 0.07604
1 0.18672 0.85052 0.02969 0.06979
0 0.95547 0.73333 0.02969 0.06875
1 0.09414 0.77917 0.03203 0.06042
1 0.12461 0.92604 0.03359 0.07500
0 0.09375 0.85052 0.03125 0.06771
1 0.12500 0.77187 0.03125 0.07083
1 0.08945 0.70312 0.03047 0.06667
1 0.08359 0.61354 0.03594 0.08333
0 0.12422 0.85365 0.03438 0.06771
1 0.17422 0.28750 0.03281 0.07708
1 0.30859 0.44271 0.03438 0.06667
1 0.20938 0.36875 0.03750 0.07292
0 0.49883 0.75469 0.03828 0.07187
1 0.12031 0.36771 0.03438 0.07708
1 0.46992 0.51771 0.03203 0.06667
0 0.50742 0.82604 0.03203 0.07292
1 0.76992 0.66927 0.03359 0.08021
1 0.30703 0.37083 0.03594 0.07083
1 0.20625 0.29271 0.03594 0.07917
1 0.27070 0.36823 0.03672 0.07396
1 0.40625 0.44635 0.03438 0.07187
1 0.50313 0.51354 0.03594 0.06458
1 0.55859 0.51615 0.03281 0.07187
0 0.68516 0.66875 0.03125 0.06667
1 0.83750 0.74687 0.03281 0.07500
1 0.86836 0.74948 0.03359 0.07187
1 0.59180 0.67396 0.02734 0.05833
1 0.11758 0.53333 0.02734 0.06667
1 0.41289 0.83437 0.03047 0.06875
1 0.28516 0.60990 0.03281 0.06146
1 0.17852 0.44844 0.03516 0.07812
1 0.08086 0.28542 0.03672 0.07292
1 0.27617 0.44583 0.03359 0.06875
1 0.21523 0.44896 0.03672 0.07500
1 0.17617 0.36354 0.03672 0.07500
1 0.11758 0.28542 0.03672 0.07083
1 0.08320 0.20990 0.03984 0.08646
1 0.12227 0.20417 0.04141 0.08542
1 0.16914 0.20052 0.03828 0.07812
1 0.20508 0.20469 0.03672 0.08646
1 0.26445 0.20104 0.04297 0.08958
1 0.30625 0.29063 0.03438 0.07292
0 0.36445 0.28177 0.03672 0.07396
1 0.36758 0.36042 0.03672 0.07708
1 0.40117 0.36250 0.03359 0.07500
0 0.46797 0.28333 0.03281 0.07083
0 0.49844 0.28437 0.04219 0.08125
1 0.50000 0.19948 0.04063 0.08438
1 0.55937 0.20573 0.03438 0.08646
1 0.58984 0.20000 0.03125 0.07708
0 0.95312 0.81146 0.03594 0.07917
0 0.92031 0.81615 0.03594 0.07604
1 0.86797 0.81719 0.03438 0.06771
1 0.83477 0.81979 0.03203 0.06875
1 0.78711 0.82135 0.03203 0.06354
0 0.68164 0.74740 0.03672 0.07187
1 0.65352 0.82188 0.03047 0.07083
1 0.59609 0.82760 0.03281 0.06979
1 0.56680 0.82969 0.03047 0.06979
0 0.50117 0.91250 0.03203 0.08125
0 0.47344 0.91615 0.03281 0.08021
1 0.73906 0.67396 0.03125 0.08542
1 0.73828 0.58437 0.03438 0.07292
1 0.77031 0.58385 0.03594 0.07187
1 0.83398 0.41927 0.03047 0.06563
1 0.82656 0.34792 0.03438 0.06667
1 0.76758 0.43281 0.03516 0.06979
1 0.86523 0.34479 0.04453 0.06667
1 0.58945 0.51667 0.03359 0.07083
1 0.92070 0.51042 0.03672 0.07708
1 0.95156 0.50521 0.03281 0.07917
1 0.91719 0.35208 0.03125 0.07500
1 0.77383 0.51094 0.03359 0.07187
1 0.74297 0.51406 0.03125 0.07187
1 0.68555 0.59219 0.03359 0.06979
1 0.65508 0.59531 0.03203 0.06771
1 0.59258 0.59062 0.02891 0.05833
1 0.56563 0.59844 0.03125 0.06563
1 0.50117 0.59688 0.03359 0.07500
1 0.46875 0.58281 0.03438 0.06979
1 0.31172 0.52969 0.02969 0.06354
1 0.18320 0.53281 0.04141 0.07187
1 0.21719 0.52292 0.03594 0.07917
1 0.28320 0.52969 0.03047 0.06563
1 0.31641 0.60573 0.03125 0.06354
1 0.37227 0.67969 0.03359 0.06563
0 0.41055 0.75781 0.03516 0.06563
0 0.47813 0.83021 0.03125 0.07292
0 0.46563 0.75313 0.03281 0.06875
1 0.40547 0.67917 0.03281 0.06458
0 0.41406 0.60208 0.03438 0.07500
0 0.38008 0.60469 0.03359 0.07604
1 0.37422 0.52656 0.03438 0.07187
1 0.40742 0.52031 0.03516 0.07187
1 0.46875 0.44740 0.03594 0.08229
1 0.50391 0.44375 0.04063 0.07292
1 0.56172 0.44479 0.03125 0.07500
1 0.59219 0.44271 0.03438 0.07083
1 0.65508 0.51458 0.03203 0.07500
1 0.65078 0.43802 0.03594 0.07604
1 0.68477 0.50938 0.03047 0.07292
1 0.73477 0.43333 0.03203 0.07292
1 0.82344 0.49479 0.03906 0.07917
1 0.85703 0.50208 0.03594 0.07500
1 0.86367 0.41563 0.03047 0.06875
1 0.92461 0.18125 0.04453 0.07083
1 0.92109 0.43177 0.03281 0.06979
1 0.86523 0.58021 0.03203 0.07500
1 0.83047 0.65938 0.03438 0.06250
1 0.77695 0.74740 0.03516 0.07187
1 0.73750 0.75365 0.03594 0.07187
1 0.75664 0.82708 0.03047 0.06250
1 0.68164 0.82188 0.03047 0.07500
1 0.69336 0.90104 0.03203 0.06458
1 0.86680 0.88490 0.03203 0.07187
1 0.92578 0.89740 0.02969 0.07187
1 0.95312 0.89479 0.02813 0.07500
1 0.66523 0.90833 0.03516 0.07708
1 0.95352 0.42708 0.03359 0.06875
1 0.94766 0.35208 0.03438 0.07500
1 0.95547 0.26875 0.03750 0.07500
1 0.95664 0.19115 0.03359 0.08021
