0 0.36875 0.28750 0.03281 0.07500
0 0.40078 0.28333 0.02969 0.08333
0 0.74766 0.59792 0.04219 0.08542
0 0.78047 0.60729 0.02969 0.07292
0 0.92656 0.59688 0.04531 0.07292
0 0.96094 0.58802 0.03594 0.08646
0 0.28633 0.68281 0.04141 0.07812
0 0.32578 0.69063 0.03281 0.07292
0 0.56953 0.68594 0.02969 0.07187
0 0.63984 0.67656 0.03594 0.06979
0 0.67422 0.67552 0.03750 0.06146
0 0.47773 0.76458 0.03359 0.06667
0 0.84219 0.75365 0.03125 0.05312
0 0.87109 0.74687 0.03125 0.06667
0 0.38047 0.84896 0.04219 0.06458
0 0.41836 0.84375 0.03516 0.07500
0 0.65703 0.83021 0.03125 0.07292
0 0.08633 0.93698 0.04141 0.06979
0 0.11680 0.93594 0.03359 0.06354
0 0.18359 0.94323 0.03906 0.06354
0 0.22109 0.93542 0.03750 0.06458
0 0.57109 0.92292 0.03594 0.07708
0 0.60273 0.91667 0.03359 0.07292
0 0.75820 0.90677 0.02891 0.07187
0 0.78594 0.90677 0.02656 0.07187
1 0.07187 0.19479 0.03906 0.08542
1 0.10664 0.19687 0.03359 0.08958
1 0.17500 0.20000 0.04375 0.08333
1 0.20820 0.20052 0.03516 0.08021
1 0.27500 0.20417 0.04375 0.08542
1 0.30195 0.19062 0.03984 0.10208
1 0.36406 0.19062 0.03594 0.08542
1 0.40273 0.19427 0.04141 0.08854
1 0.48516 0.19583 0.03125 0.10000
1 0.55703 0.19740 0.03906 0.08021
1 0.60078 0.19271 0.03750 0.09167
1 0.65977 0.18125 0.04141 0.08542
1 0.69414 0.18854 0.03984 0.10625
1 0.75313 0.18958 0.03750 0.09792
1 0.78398 0.18750 0.03359 0.08333
1 0.84219 0.20000 0.04375 0.08333
1 0.87930 0.19948 0.04141 0.08854
1 0.93750 0.18438 0.03750 0.09167
1 0.97031 0.18958 0.02500 0.08125
1 0.94609 0.26667 0.03906 0.08333
1 0.86836 0.27031 0.02891 0.06979
1 0.84141 0.27240 0.02969 0.07187
1 0.78516 0.27917 0.03125 0.07292
1 0.75820 0.27187 0.02266 0.07292
1 0.66797 0.27083 0.04219 0.06875
1 0.59688 0.27917 0.04219 0.07292
1 0.55781 0.28229 0.03594 0.07500
1 0.49727 0.28073 0.03359 0.07187
1 0.46445 0.28385 0.03516 0.06979
1 0.30156 0.28073 0.03281 0.07812
1 0.26992 0.28385 0.04141 0.06979
1 0.20781 0.28021 0.04375 0.08958
1 0.17227 0.28906 0.03516 0.09479
1 0.10469 0.28229 0.04219 0.07292
1 0.07656 0.29792 0.03594 0.06875
1 0.11328 0.36615 0.03750 0.07812
1 0.07930 0.36719 0.03359 0.06979
1 0.17813 0.37604 0.04219 0.07500
1 0.21680 0.36719 0.03984 0.08021
1 0.27617 0.36250 0.03359 0.07500
1 0.31484 0.35729 0.03750 0.08542
1 0.36992 0.36510 0.03203 0.07396
1 0.40430 0.36250 0.03984 0.08333
1 0.46523 0.36094 0.04297 0.06771
1 0.50273 0.35833 0.04297 0.07292
1 0.56016 0.35573 0.02969 0.07187
1 0.58711 0.36146 0.03359 0.06250
1 0.65234 0.36823 0.03281 0.06771
1 0.68281 0.36042 0.03438 0.06667
1 0.75156 0.35781 0.02813 0.06979
1 0.78164 0.35052 0.03047 0.07187
1 0.83359 0.35000 0.02813 0.06250
1 0.86602 0.35313 0.03672 0.06458
1 0.93242 0.35260 0.03203 0.06563
1 0.96562 0.35417 0.02813 0.06458
1 0.95820 0.42760 0.03828 0.07812
1 0.92227 0.42865 0.03672 0.08021
1 0.86797 0.43594 0.03281 0.06771
1 0.84023 0.43177 0.02578 0.07604
1 0.78633 0.43229 0.03828 0.07083
1 0.74805 0.43333 0.03672 0.07083
1 0.68594 0.44427 0.02969 0.07187
1 0.65586 0.43542 0.02891 0.06667
1 0.59805 0.44271 0.03984 0.06250
1 0.56797 0.44271 0.02969 0.06667
1 0.50156 0.44479 0.03594 0.07083
1 0.46484 0.44010 0.03750 0.08229
1 0.41055 0.44688 0.03359 0.08125
1 0.38047 0.45365 0.03438 0.07604
1 0.30664 0.44844 0.03516 0.08646
1 0.26953 0.45156 0.03906 0.08021
1 0.20742 0.45104 0.03047 0.06667
1 0.17227 0.45000 0.02891 0.05417
1 0.10625 0.44635 0.03438 0.07604
1 0.07344 0.44635 0.02969 0.06563
1 0.11016 0.52760 0.03125 0.06979
1 0.07812 0.53021 0.03281 0.07083
1 0.10547 0.61198 0.02656 0.07187
1 0.08203 0.61354 0.03125 0.06667
1 0.11641 0.69688 0.03594 0.06875
1 0.08438 0.69948 0.03906 0.07187
1 0.18242 0.69896 0.03047 0.05833
1 0.21133 0.70000 0.03672 0.05417
1 0.21953 0.61615 0.03438 0.06771
1 0.18164 0.61094 0.03672 0.06771
1 0.18320 0.53646 0.03203 0.07500
1 0.21172 0.53073 0.03281 0.07812
1 0.27969 0.53385 0.03750 0.07187
1 0.30820 0.52969 0.03359 0.06771
1 0.32109 0.61094 0.03594 0.06563
1 0.28555 0.60781 0.03828 0.06979
1 0.37344 0.59948 0.02969 0.07396
1 0.40781 0.60313 0.03750 0.06667
1 0.41836 0.52187 0.04453 0.06875
1 0.38086 0.52969 0.04141 0.06563
1 0.46484 0.52552 0.03438 0.06771
1 0.50156 0.52500 0.04219 0.07500
1 0.50000 0.59948 0.03594 0.07187
1 0.47070 0.60365 0.03359 0.06979
1 0.56211 0.60521 0.03516 0.07083
1 0.59688 0.59896 0.03438 0.07292
1 0.59727 0.51562 0.03828 0.07708
1 0.56992 0.52135 0.03828 0.06771
1 0.65117 0.51510 0.03203 0.07396
1 0.67969 0.51354 0.03281 0.06875
1 0.68125 0.58854 0.03594 0.07500
1 0.64961 0.58958 0.03203 0.07083
1 0.73906 0.51250 0.03438 0.07083
1 0.77266 0.51875 0.03438 0.06875
1 0.39180 0.68125 0.03516 0.06667
1 0.48242 0.68333 0.03203 0.07917
1 0.42109 0.68229 0.03125 0.06875
1 0.96875 0.50833 0.03906 0.06042
1 0.93203 0.51146 0.03438 0.06250
1 0.87461 0.51406 0.03047 0.06979
1 0.84766 0.51042 0.03438 0.07708
1 0.86953 0.59792 0.03125 0.08750
1 0.83984 0.59948 0.02813 0.06354
1 0.87734 0.67656 0.03125 0.06354
1 0.84609 0.67656 0.02969 0.06563
1 0.93789 0.66979 0.03984 0.06875
1 0.96641 0.66667 0.03438 0.07083
1 0.78203 0.67552 0.03438 0.05729
1 0.74883 0.67917 0.03359 0.07083
1 0.74141 0.75208 0.03438 0.06250
1 0.78438 0.75677 0.03906 0.05729
1 0.93672 0.74271 0.02813 0.06667
1 0.96523 0.74375 0.03203 0.06667
1 0.95820 0.83177 0.03047 0.07396
1 0.93320 0.82344 0.02266 0.07396
1 0.87422 0.82083 0.03750 0.05833
1 0.83945 0.82604 0.03203 0.07708
1 0.59570 0.83906 0.04453 0.05104
1 0.30820 0.84792 0.03359 0.06458
1 0.31250 0.77292 0.03438 0.06250
1 0.28164 0.77552 0.03984 0.07812
1 0.21328 0.85365 0.03281 0.07396
1 0.17773 0.85260 0.03516 0.06771
1 0.11523 0.86667 0.02578 0.07083
1 0.08438 0.86354 0.02969 0.07500
1 0.12148 0.77292 0.03828 0.07292
1 0.08711 0.77396 0.02891 0.07500
1 0.38945 0.76510 0.03203 0.06146
1 0.42031 0.76094 0.02813 0.06146
1 0.47695 0.83958 0.03359 0.05833
1 0.50664 0.84115 0.03828 0.07187
1 0.65586 0.91198 0.02422 0.06771
1 0.68164 0.90365 0.03828 0.07812
1 0.29023 0.93802 0.02891 0.06354
0 0.17773 0.76719 0.04141 0.07187
0 0.21328 0.76510 0.03750 0.08021
1 0.27617 0.85521 0.03828 0.07083
1 0.31953 0.93698 0.03750 0.06146
1 0.37969 0.92135 0.03281 0.07187
1 0.46406 0.92031 0.04375 0.08021
1 0.50000 0.91927 0.04219 0.08021
1 0.56094 0.83490 0.03906 0.06563
1 0.56563 0.75938 0.03750 0.05417
0 0.50820 0.76823 0.03516 0.06979
0 0.88125 0.91146 0.04375 0.06667
0 0.84688 0.91302 0.02969 0.06979
1 0.78242 0.83177 0.03359 0.07604
1 0.74883 0.83073 0.03672 0.08229
0 0.68359 0.82760 0.03125 0.07812
0 0.68633 0.74948 0.04609 0.07187
0 0.65820 0.76458 0.02891 0.06458
1 0.59492 0.75417 0.03984 0.06875
0 0.59375 0.68073 0.03594 0.07812
1 0.41094 0.93281 0.03125 0.07187
1 0.93164 0.89583 0.02734 0.06667
1 0.95547 0.90104 0.02656 0.07083
