1 0.90781 0.89896 0.02813 0.06875
1 0.91602 0.45052 0.02578 0.06563
1 0.94180 0.43906 0.03359 0.06979
1 0.93828 0.22187 0.02969 0.06875
1 0.66875 0.29844 0.03125 0.06771
1 0.63789 0.30573 0.03047 0.06771
1 0.90625 0.28958 0.03125 0.06875
0 0.90586 0.35781 0.03047 0.06354
0 0.94102 0.36250 0.03203 0.06458
1 0.59258 0.30469 0.04453 0.05729
1 0.76484 0.37708 0.03438 0.06458
1 0.76406 0.30312 0.03281 0.08333
1 0.81563 0.28906 0.02969 0.06563
1 0.90703 0.22135 0.03281 0.07187
0 0.49492 0.30000 0.03047 0.05833
0 0.39258 0.21354 0.03828 0.07917
0 0.36016 0.21615 0.03281 0.07812
1 0.81289 0.44323 0.03516 0.07187
1 0.73203 0.37448 0.03750 0.06563
1 0.49297 0.20938 0.03906 0.08750
1 0.45781 0.21615 0.03438 0.08229
1 0.37109 0.30833 0.03125 0.07292
0 0.93242 0.59583 0.02891 0.06250
1 0.84531 0.59167 0.02969 0.05833
1 0.46133 0.37135 0.03672 0.08021
0 0.73438 0.66823 0.03125 0.06979
0 0.93086 0.66615 0.03203 0.05729
1 0.10273 0.62083 0.02891 0.06875
1 0.28945 0.60469 0.03047 0.06979
1 0.30859 0.30156 0.03281 0.06771
1 0.27148 0.29375 0.03359 0.06875
1 0.64492 0.81979 0.02891 0.06458
1 0.67500 0.81302 0.03125 0.05937
0 0.58320 0.82448 0.03203 0.06771
1 0.54375 0.74531 0.02969 0.07396
1 0.57656 0.74062 0.03594 0.06250
0 0.73281 0.52760 0.02813 0.05937
0 0.80820 0.37083 0.03359 0.07083
0 0.68008 0.45365 0.03047 0.06563
0 0.64727 0.44688 0.03047 0.06875
1 0.85000 0.74479 0.03281 0.06042
1 0.76797 0.74740 0.03594 0.06979
1 0.55234 0.52604 0.03281 0.06667
1 0.46211 0.45312 0.03828 0.05000
1 0.55469 0.66771 0.02813 0.06042
1 0.66172 0.66615 0.03125 0.06771
0 0.90078 0.60000 0.03281 0.07292
1 0.93867 0.29115 0.03516 0.06771
1 0.76719 0.44948 0.03594 0.06979
0 0.64492 0.59896 0.03359 0.07708
1 0.10430 0.84271 0.03203 0.06458
0 0.10156 0.91771 0.03438 0.07083
0 0.09531 0.76979 0.02969 0.07083
0 0.13828 0.92188 0.03438 0.06875
0 0.67422 0.59167 0.03594 0.07083
0 0.76172 0.65729 0.02813 0.05208
0 0.90273 0.66771 0.02891 0.05833
1 0.81914 0.74583 0.02891 0.06458
1 0.93750 0.88802 0.03438 0.06563
1 0.13594 0.84271 0.03750 0.06458
0 0.09688 0.69010 0.03281 0.06563
0 0.09375 0.54010 0.03594 0.06563
0 0.13164 0.68698 0.03359 0.07187
0 0.12461 0.76615 0.03203 0.07396
0 0.18164 0.92344 0.03203 0.06979
0 0.20430 0.84948 0.03203 0.06563
0 0.18398 0.76094 0.02891 0.06146
1 0.13008 0.61042 0.03203 0.06250
0 0.18711 0.52396 0.03516 0.07083
0 0.21445 0.91719 0.03516 0.06771
0 0.21055 0.76562 0.03047 0.06458
0 0.21953 0.68802 0.03594 0.07187
0 0.18516 0.69479 0.02969 0.07292
0 0.12812 0.53438 0.03750 0.07500
1 0.13008 0.38229 0.03828 0.07500
0 0.27461 0.82969 0.03203 0.06563
0 0.28242 0.90729 0.03359 0.07083
0 0.28047 0.67656 0.03125 0.06979
0 0.22266 0.52396 0.03438 0.06458
0 0.18281 0.45052 0.03125 0.07604
0 0.31758 0.90573 0.03672 0.06563
0 0.30781 0.82969 0.03281 0.06354
1 0.30820 0.75990 0.03203 0.06771
1 0.27695 0.76198 0.03359 0.07187
0 0.21992 0.59948 0.03359 0.07604
0 0.18398 0.60469 0.03203 0.07187
1 0.10820 0.44479 0.03672 0.07708
1 0.09258 0.37188 0.03359 0.07292
1 0.08555 0.30052 0.03047 0.06563
0 0.36523 0.91146 0.02734 0.05833
1 0.37031 0.83542 0.03281 0.07708
1 0.31562 0.67552 0.03594 0.07396
1 0.46641 0.82760 0.02656 0.06146
0 0.39219 0.90729 0.03125 0.06250
1 0.18633 0.30469 0.03516 0.07187
1 0.30742 0.36979 0.03672 0.07292
1 0.37148 0.38073 0.03047 0.06563
1 0.40352 0.37917 0.03828 0.06250
1 0.49336 0.59688 0.03203 0.07083
1 0.46211 0.67031 0.03828 0.07396
1 0.49766 0.66979 0.03438 0.07083
0 0.50625 0.74687 0.03906 0.06667
0 0.37031 0.67604 0.02813 0.06250
0 0.37109 0.75521 0.03281 0.07292
1 0.40625 0.83333 0.02969 0.07292
0 0.46875 0.90052 0.02969 0.06563
0 0.50078 0.89583 0.02969 0.06875
0 0.40352 0.75104 0.03516 0.06667
1 0.21602 0.37604 0.03672 0.06875
1 0.11992 0.30260 0.03359 0.06563
0 0.47148 0.74740 0.03359 0.07604
1 0.49609 0.82396 0.03125 0.06042
0 0.54922 0.90208 0.02813 0.06458
0 0.55430 0.82240 0.02891 0.06979
0 0.40039 0.67344 0.03359 0.06146
0 0.21680 0.45417 0.03516 0.06667
1 0.18242 0.37344 0.03203 0.06563
1 0.08984 0.20573 0.03906 0.08646
1 0.27734 0.52917 0.03438 0.08125
1 0.31992 0.60313 0.03203 0.07292
0 0.37734 0.60417 0.03438 0.07083
1 0.46133 0.59896 0.02891 0.06667
0 0.40781 0.59323 0.03750 0.08021
1 0.38008 0.53229 0.03047 0.06875
1 0.31250 0.52031 0.03906 0.07604
1 0.30898 0.44427 0.03672 0.06771
1 0.27695 0.44635 0.03047 0.07396
1 0.27578 0.37031 0.03281 0.06979
1 0.22227 0.30156 0.03359 0.07604
1 0.12461 0.20781 0.03828 0.08646
1 0.17852 0.21094 0.03516 0.08021
1 0.21719 0.21406 0.03906 0.07604
1 0.26445 0.20625 0.03359 0.07917
1 0.29648 0.21042 0.03203 0.08125
1 0.40391 0.29375 0.03438 0.06458
0 0.45977 0.29167 0.03359 0.07292
1 0.55898 0.29323 0.03359 0.07187
1 0.55742 0.22083 0.02891 0.07083
1 0.58555 0.22500 0.02891 0.06667
1 0.63828 0.22812 0.03750 0.06875
1 0.67773 0.22187 0.03672 0.07292
1 0.82188 0.21458 0.03750 0.07083
0 0.77109 0.21094 0.03281 0.06979
0 0.73242 0.22552 0.03359 0.06146
1 0.73555 0.30260 0.03359 0.08229
0 0.67539 0.37552 0.03672 0.06354
0 0.64180 0.37135 0.03516 0.06771
1 0.59258 0.35990 0.04297 0.09479
1 0.56094 0.36771 0.03438 0.07500
1 0.49492 0.36875 0.03828 0.08750
0 0.41016 0.44896 0.03594 0.06042
0 0.37734 0.45052 0.03125 0.06563
1 0.41289 0.52396 0.03516 0.06667
1 0.47148 0.52865 0.03203 0.08229
1 0.49688 0.51615 0.04219 0.06771
1 0.58789 0.52500 0.03359 0.06875
1 0.72617 0.59531 0.03047 0.06771
1 0.75898 0.58958 0.03359 0.06458
1 0.81602 0.59844 0.02891 0.06354
0 0.82148 0.67240 0.03047 0.06563
0 0.84961 0.66823 0.03047 0.06146
1 0.90469 0.74010 0.03281 0.06146
1 0.93281 0.73542 0.03281 0.06250
0 0.93906 0.82188 0.03594 0.06250
0 0.85664 0.82031 0.03516 0.05729
1 0.76719 0.89531 0.03438 0.07396
1 0.73164 0.89531 0.03047 0.07187
1 0.67148 0.89635 0.02891 0.07604
0 0.57578 0.89635 0.02969 0.06771
1 0.63984 0.89375 0.03438 0.07083
0 0.90820 0.82135 0.03516 0.06146
1 0.85508 0.88646 0.03047 0.05833
1 0.82148 0.89219 0.03047 0.05729
0 0.82148 0.82292 0.03203 0.06875
0 0.76875 0.81979 0.03594 0.06250
0 0.74023 0.81458 0.03672 0.06458
1 0.73477 0.74115 0.03828 0.06771
0 0.67383 0.74323 0.03359 0.06979
0 0.63789 0.73750 0.03828 0.07917
1 0.63203 0.66302 0.02813 0.07187
1 0.58359 0.66406 0.03438 0.06354
0 0.55781 0.60156 0.03125 0.07604
1 0.49531 0.45052 0.03594 0.05729
1 0.55937 0.44583 0.03750 0.06667
1 0.59141 0.44896 0.03594 0.07500
1 0.64727 0.51979 0.03047 0.07292
1 0.67617 0.51719 0.02891 0.05937
1 0.72930 0.45625 0.03828 0.08333
0 0.76484 0.52031 0.03750 0.06563
0 0.81719 0.52344 0.03438 0.06979
1 0.93789 0.51875 0.03516 0.06875
1 0.90547 0.51615 0.02969 0.07187
0 0.85156 0.51198 0.03438 0.06354
1 0.84453 0.44115 0.02969 0.06979
0 0.84648 0.36406 0.03359 0.06771
1 0.84375 0.29167 0.02656 0.05625
1 0.85781 0.22240 0.03438 0.07812
