1 0.95234 0.93125 0.03281 0.07917
1 0.84102 0.93594 0.03047 0.06354
1 0.87031 0.92812 0.02969 0.06875
1 0.96289 0.84896 0.03359 0.06458
1 0.68555 0.61354 0.03672 0.06667
1 0.58906 0.37031 0.03594 0.07812
1 0.74531 0.53750 0.03125 0.06250
1 0.58750 0.93594 0.03438 0.07604
1 0.55469 0.94531 0.03125 0.07396
1 0.86875 0.53490 0.03281 0.07604
1 0.55625 0.37760 0.02969 0.06771
1 0.37188 0.93854 0.03281 0.07083
1 0.83516 0.53490 0.03438 0.07604
1 0.40117 0.94323 0.03203 0.07187
1 0.96875 0.69479 0.03125 0.07500
1 0.87148 0.77760 0.03516 0.08021
1 0.77656 0.69896 0.02813 0.06667
1 0.68672 0.37760 0.03281 0.06979
1 0.83633 0.68802 0.03047 0.06771
1 0.96250 0.36771 0.03438 0.07500
1 0.92734 0.37448 0.03594 0.06979
1 0.96289 0.60156 0.03516 0.08854
1 0.97539 0.28958 0.03828 0.08125
1 0.83750 0.77448 0.03438 0.07396
1 0.92344 0.93646 0.03125 0.07917
1 0.93398 0.60573 0.03516 0.07604
1 0.93594 0.69479 0.03125 0.07708
1 0.77734 0.53333 0.02969 0.05625
1 0.93828 0.83281 0.03906 0.06771
1 0.96250 0.77552 0.02500 0.06354
1 0.93477 0.76302 0.03203 0.06563
0 0.78594 0.19896 0.04219 0.08750
0 0.96797 0.19896 0.04688 0.09375
1 0.58477 0.28906 0.03359 0.06979
0 0.64883 0.29583 0.03828 0.07500
1 0.39687 0.29219 0.03281 0.07812
1 0.65430 0.37500 0.03359 0.06875
1 0.69063 0.20104 0.04063 0.09375
0 0.74258 0.20208 0.04297 0.08542
1 0.46875 0.29375 0.02969 0.07500
1 0.68516 0.53542 0.03438 0.07708
1 0.65078 0.53646 0.03594 0.07500
1 0.58867 0.53594 0.02891 0.07396
1 0.97148 0.52604 0.03047 0.06667
1 0.94180 0.53333 0.03047 0.07292
1 0.87031 0.61250 0.02813 0.06875
1 0.83828 0.61146 0.03594 0.07083
1 0.77383 0.62135 0.03203 0.07187
1 0.74453 0.61615 0.03125 0.07812
0 0.49297 0.62083 0.03750 0.07500
0 0.20781 0.54167 0.04063 0.07292
0 0.39062 0.78333 0.03281 0.07708
1 0.37109 0.61927 0.03125 0.06979
0 0.31016 0.54323 0.03594 0.07187
1 0.40391 0.70260 0.03594 0.07812
0 0.47187 0.78750 0.03281 0.06875
1 0.40117 0.62344 0.03672 0.06146
1 0.30391 0.45677 0.03750 0.08021
1 0.86914 0.68958 0.03047 0.07292
1 0.55625 0.86302 0.03281 0.08021
1 0.40156 0.85781 0.03906 0.07396
1 0.36406 0.85938 0.03906 0.07083
1 0.06953 0.70677 0.02969 0.06979
1 0.09727 0.45781 0.03359 0.07604
1 0.36523 0.45417 0.03672 0.06667
0 0.40000 0.53333 0.03125 0.07708
1 0.58867 0.69844 0.03203 0.07187
1 0.56133 0.53646 0.02891 0.06458
1 0.73672 0.77656 0.03594 0.07812
1 0.77148 0.85625 0.03203 0.07083
0 0.83633 0.85781 0.03516 0.07604
1 0.76914 0.78021 0.03203 0.08125
1 0.74844 0.69844 0.02969 0.06771
0 0.87070 0.85052 0.03203 0.06979
0 0.07383 0.87760 0.03047 0.07604
1 0.06680 0.79635 0.03516 0.08438
0 0.08125 0.95729 0.03438 0.07083
0 0.10586 0.87708 0.03828 0.06875
1 0.10117 0.79583 0.03828 0.08542
1 0.06992 0.62760 0.03359 0.08021
1 0.09961 0.70521 0.03516 0.06458
0 0.11406 0.96094 0.03438 0.07187
1 0.06758 0.54167 0.03672 0.07708
0 0.06328 0.36875 0.03750 0.07708
1 0.06211 0.45625 0.03672 0.07708
0 0.16094 0.70312 0.03750 0.07917
0 0.17188 0.95573 0.03438 0.08229
1 0.20469 0.86979 0.03281 0.06875
1 0.16875 0.86979 0.03125 0.06875
0 0.17773 0.79271 0.03516 0.07708
1 0.10547 0.63021 0.03750 0.08125
1 0.10234 0.54427 0.03906 0.07812
0 0.28398 0.79063 0.03047 0.06875
1 0.27500 0.87083 0.02969 0.06875
0 0.20938 0.95729 0.03281 0.07083
0 0.21016 0.78802 0.04219 0.08229
0 0.19922 0.70260 0.03750 0.08021
0 0.21016 0.61927 0.03906 0.06979
0 0.17383 0.62344 0.03516 0.06146
0 0.17266 0.54375 0.03438 0.07917
1 0.29961 0.70521 0.03359 0.07292
0 0.31406 0.79010 0.03750 0.07604
0 0.27383 0.94896 0.03359 0.07708
1 0.30078 0.86615 0.03125 0.06563
1 0.26719 0.70625 0.03125 0.07083
1 0.26445 0.62135 0.03672 0.07396
0 0.30938 0.94271 0.03750 0.07500
1 0.29844 0.62083 0.03594 0.07917
0 0.16953 0.45677 0.03906 0.08021
1 0.26523 0.45521 0.03828 0.08333
1 0.55703 0.70000 0.03125 0.07500
1 0.55078 0.77604 0.03594 0.08125
1 0.49844 0.85781 0.03438 0.06979
0 0.49688 0.93802 0.03125 0.06563
1 0.46016 0.85781 0.03281 0.06563
1 0.36641 0.70365 0.03750 0.07812
0 0.27539 0.54635 0.03828 0.08021
0 0.46289 0.94010 0.03516 0.07187
1 0.58906 0.85990 0.03594 0.07812
0 0.50742 0.78646 0.03359 0.07292
0 0.30391 0.37969 0.04063 0.08229
1 0.49336 0.45781 0.03047 0.07187
1 0.59609 0.61406 0.03125 0.06563
1 0.65156 0.61615 0.03281 0.06563
0 0.64297 0.93646 0.02813 0.06458
1 0.65547 0.86146 0.03281 0.07500
1 0.58594 0.77135 0.03750 0.08229
0 0.49961 0.70469 0.03359 0.07812
0 0.46406 0.70156 0.03750 0.08021
0 0.21484 0.45729 0.04219 0.08542
0 0.17227 0.36979 0.03516 0.08125
0 0.09883 0.37031 0.03516 0.07396
1 0.09922 0.28854 0.03594 0.07292
1 0.06250 0.28958 0.03750 0.07292
0 0.40430 0.37500 0.04141 0.07500
0 0.45937 0.36927 0.03438 0.07396
0 0.49688 0.37865 0.03438 0.07604
1 0.55469 0.45833 0.03594 0.07500
1 0.64570 0.77760 0.03359 0.07812
0 0.67617 0.93646 0.03203 0.06250
1 0.68750 0.86042 0.03594 0.07500
1 0.50117 0.53646 0.03359 0.08125
1 0.40391 0.45208 0.03438 0.06458
0 0.36719 0.38125 0.03750 0.08125
0 0.30391 0.29635 0.03281 0.07604
0 0.19805 0.20938 0.03516 0.07708
0 0.16016 0.20990 0.03594 0.07604
0 0.21172 0.37708 0.04531 0.07708
1 0.47227 0.54375 0.03203 0.08125
1 0.56406 0.61510 0.03281 0.06563
1 0.64766 0.69167 0.03281 0.07083
1 0.68437 0.69375 0.03438 0.07500
1 0.68242 0.77656 0.03984 0.07396
0 0.74531 0.93594 0.02969 0.07187
1 0.73867 0.85521 0.03359 0.07292
0 0.45977 0.62708 0.03203 0.05833
0 0.37109 0.53542 0.02969 0.07500
0 0.26406 0.37240 0.04219 0.08438
0 0.20117 0.28542 0.04141 0.08125
0 0.16055 0.29635 0.03516 0.07604
0 0.10039 0.20104 0.03828 0.08333
0 0.06250 0.20208 0.03906 0.08125
1 0.46289 0.45417 0.03359 0.07500
0 0.77383 0.93698 0.03203 0.07187
1 0.87656 0.36719 0.03906 0.08438
1 0.84258 0.37135 0.03359 0.08438
1 0.65430 0.20677 0.04453 0.09688
1 0.57969 0.20312 0.03750 0.07708
1 0.54180 0.21094 0.03828 0.08646
1 0.50156 0.19896 0.03750 0.10625
1 0.46172 0.19687 0.03906 0.09167
1 0.40156 0.20521 0.04219 0.09167
1 0.36055 0.20990 0.03984 0.09271
1 0.30273 0.20781 0.04141 0.08021
1 0.26328 0.19948 0.04219 0.08438
0 0.27187 0.28698 0.03281 0.07604
1 0.36211 0.29635 0.03516 0.08021
1 0.49766 0.29167 0.03125 0.07500
1 0.55234 0.29531 0.03438 0.07187
0 0.68711 0.29375 0.03516 0.07708
1 0.74375 0.28594 0.03125 0.07812
1 0.83750 0.29115 0.03281 0.06354
1 0.87109 0.28385 0.03125 0.06563
1 0.96445 0.44531 0.03359 0.06563
1 0.93242 0.45312 0.03047 0.06667
1 0.87500 0.45365 0.03594 0.07396
1 0.84336 0.45469 0.03359 0.06979
1 0.77852 0.45365 0.03203 0.08021
1 0.58984 0.45573 0.03906 0.07812
1 0.64336 0.45833 0.02734 0.06458
1 0.67070 0.45417 0.03047 0.07292
1 0.74766 0.45729 0.03438 0.07917
1 0.74648 0.37344 0.03359 0.07396
1 0.78281 0.37344 0.03438 0.06979
1 0.77500 0.28646 0.03750 0.07917
1 0.87734 0.20260 0.03594 0.06979
1 0.93203 0.29427 0.03750 0.07812
0 0.92695 0.19844 0.04453 0.09688
1 0.84219 0.20156 0.02969 0.06771
