1 0.49844 0.36198 0.03125 0.06354
1 0.68555 0.27813 0.02578 0.06250
1 0.67266 0.74323 0.02813 0.06771
1 0.85859 0.89167 0.02500 0.06042
1 0.66367 0.27969 0.02578 0.06354
1 0.22031 0.75938 0.03594 0.06667
1 0.77422 0.59115 0.03125 0.06563
1 0.22266 0.44688 0.03281 0.07083
1 0.82969 0.35781 0.03125 0.05729
1 0.74492 0.58750 0.03203 0.06458
1 0.59062 0.20677 0.03594 0.08438
1 0.82617 0.43229 0.03047 0.06875
1 0.22031 0.35885 0.03281 0.06771
1 0.85742 0.73854 0.02891 0.06458
1 0.67578 0.58437 0.03750 0.07708
1 0.13047 0.35417 0.03438 0.07500
1 0.68359 0.36198 0.03125 0.07187
1 0.49766 0.51510 0.02969 0.05937
1 0.65781 0.44323 0.02969 0.06354
1 0.49883 0.59167 0.03359 0.07083
1 0.94766 0.89635 0.02500 0.06354
1 0.13516 0.44531 0.03750 0.08229
1 0.22734 0.52604 0.03125 0.07500
1 0.67539 0.51094 0.03047 0.06354
1 0.83516 0.89271 0.02656 0.06458
1 0.19102 0.35729 0.03047 0.06667
1 0.64102 0.58333 0.03516 0.07708
1 0.65430 0.36406 0.03359 0.07187
1 0.92070 0.66042 0.03203 0.06042
1 0.46836 0.74427 0.03203 0.06979
1 0.28633 0.44271 0.02891 0.06250
1 0.49727 0.74062 0.03203 0.06875
1 0.91680 0.81458 0.02891 0.06250
1 0.38398 0.59740 0.03359 0.07396
1 0.39062 0.44167 0.02813 0.06458
1 0.68281 0.66406 0.03125 0.06563
1 0.10117 0.44323 0.03516 0.08021
1 0.09688 0.35729 0.03438 0.07500
1 0.85508 0.42760 0.03047 0.07396
1 0.28242 0.36042 0.03203 0.06667
1 0.46914 0.36198 0.02891 0.05937
1 0.50547 0.44427 0.03281 0.07187
1 0.47383 0.29323 0.03047 0.06979
1 0.13047 0.83281 0.03281 0.07187
1 0.12852 0.75521 0.02734 0.06042
1 0.68398 0.44427 0.02734 0.06146
1 0.29180 0.90990 0.02578 0.06354
1 0.47227 0.43229 0.03359 0.06667
1 0.92422 0.43021 0.02969 0.06042
1 0.49727 0.66667 0.03047 0.06667
1 0.83828 0.27396 0.02656 0.06042
1 0.46797 0.82760 0.03281 0.06771
1 0.37734 0.74687 0.03281 0.06458
1 0.85547 0.58854 0.03125 0.06042
1 0.76523 0.43385 0.03359 0.07604
1 0.92188 0.28177 0.03281 0.06979
1 0.10430 0.67969 0.02422 0.05937
1 0.74062 0.81458 0.02656 0.06667
1 0.92578 0.50000 0.02969 0.06667
1 0.83008 0.73438 0.03047 0.06458
1 0.10195 0.75469 0.02578 0.05937
1 0.19258 0.83437 0.03359 0.06667
1 0.10117 0.52760 0.02891 0.07396
1 0.50156 0.28854 0.02969 0.07292
1 0.56445 0.81927 0.02891 0.06979
1 0.85938 0.35677 0.03125 0.05729
1 0.97813 0.96615 0.04063 0.06771
1 0.19727 0.67708 0.03516 0.06667
1 0.56094 0.59219 0.02969 0.06354
1 0.38359 0.51771 0.03125 0.06875
1 0.85391 0.51302 0.02969 0.07187
1 0.75391 0.73958 0.02969 0.05625
1 0.74375 0.35938 0.03125 0.06042
1 0.19219 0.19740 0.03281 0.07604
1 0.85664 0.66198 0.03047 0.06146
1 0.65586 0.89531 0.02891 0.06563
1 0.73672 0.88958 0.02813 0.06250
1 0.94961 0.66250 0.02578 0.06042
1 0.46992 0.20104 0.03359 0.07708
1 0.55664 0.20104 0.03828 0.08333
1 0.18438 0.75521 0.03438 0.06250
1 0.82617 0.58646 0.02734 0.06042
1 0.95195 0.28646 0.03203 0.07083
1 0.75078 0.19687 0.03594 0.07708
1 0.76875 0.51302 0.03594 0.07604
1 0.09805 0.83437 0.03203 0.07083
1 0.49609 0.89323 0.03125 0.06354
1 0.18984 0.59948 0.03281 0.06979
1 0.76680 0.66250 0.03047 0.05833
1 0.38320 0.67448 0.03359 0.05937
1 0.50156 0.82396 0.03281 0.06667
1 0.46797 0.66510 0.03125 0.06771
1 0.95430 0.42500 0.02891 0.05625
1 0.22695 0.91250 0.03516 0.06875
1 0.73477 0.50885 0.03672 0.08229
1 0.41445 0.51823 0.03203 0.06354
1 0.29844 0.20260 0.03906 0.06979
1 0.73594 0.65885 0.02969 0.05937
1 0.13047 0.52552 0.03125 0.06563
1 0.82773 0.51458 0.02734 0.06875
1 0.47070 0.50677 0.02734 0.06146
1 0.46758 0.58698 0.03359 0.07396
1 0.38398 0.35990 0.03359 0.07604
1 0.65430 0.82396 0.02891 0.06042
1 0.83359 0.81615 0.03125 0.06771
1 0.72500 0.74167 0.02813 0.05625
1 0.56406 0.67188 0.02656 0.05625
1 0.59258 0.82396 0.03203 0.07292
1 0.94336 0.81302 0.02734 0.06354
1 0.65352 0.66719 0.03203 0.06771
1 0.22227 0.59896 0.03359 0.06875
1 0.19531 0.91146 0.03281 0.06667
1 0.32109 0.51615 0.03438 0.06979
1 0.23359 0.66667 0.03594 0.06458
1 0.83711 0.19687 0.03203 0.07292
1 0.58945 0.59323 0.02891 0.06563
1 0.82617 0.65938 0.03047 0.06042
1 0.95586 0.50000 0.03203 0.06667
1 0.37930 0.82708 0.03359 0.07500
1 0.10156 0.91615 0.02969 0.07396
1 0.19062 0.44688 0.03281 0.07500
1 0.38008 0.28437 0.03047 0.06667
1 0.31641 0.75104 0.03281 0.06250
1 0.31719 0.36198 0.03438 0.06771
1 0.50117 0.19687 0.03203 0.08125
1 0.92188 0.19896 0.03438 0.08333
1 0.31875 0.91250 0.03281 0.06667
1 0.41758 0.44219 0.03047 0.06563
1 0.31875 0.27344 0.03438 0.07187
1 0.64883 0.50729 0.02578 0.06042
1 0.56563 0.50833 0.03125 0.05833
1 0.56367 0.73854 0.02734 0.05833
1 0.40820 0.75000 0.03359 0.06458
1 0.59492 0.51042 0.03047 0.05833
1 0.38281 0.20417 0.03125 0.07500
1 0.92148 0.58385 0.03359 0.07604
1 0.73555 0.43281 0.03047 0.07187
1 0.95078 0.59219 0.03281 0.07604
1 0.09336 0.19844 0.03047 0.06771
1 0.28828 0.66927 0.02969 0.06771
1 0.95547 0.35781 0.03594 0.06354
1 0.31445 0.44062 0.02891 0.05833
1 0.31875 0.66719 0.03281 0.06979
1 0.95234 0.19740 0.03281 0.08854
1 0.18555 0.27708 0.02891 0.06667
1 0.76211 0.89062 0.02734 0.06042
1 0.92344 0.89896 0.02813 0.06250
1 0.68398 0.89740 0.03203 0.06979
1 0.28906 0.51979 0.03594 0.06667
1 0.41094 0.20312 0.02813 0.06667
1 0.41602 0.67240 0.03047 0.06146
1 0.46719 0.89896 0.03125 0.06667
1 0.56328 0.36354 0.02969 0.06667
1 0.22500 0.83229 0.03438 0.06250
1 0.12344 0.20104 0.03281 0.07083
1 0.22383 0.19271 0.03672 0.07292
1 0.92109 0.35885 0.03438 0.06771
1 0.64609 0.74740 0.03125 0.06979
1 0.37969 0.90156 0.03125 0.06354
1 0.28242 0.60000 0.03359 0.07083
1 0.09375 0.27500 0.03125 0.06667
1 0.12852 0.68177 0.02891 0.06563
1 0.59570 0.36146 0.03359 0.06458
1 0.19531 0.52031 0.03281 0.06979
1 0.56445 0.89687 0.02734 0.06458
1 0.31289 0.59219 0.03203 0.08021
1 0.73945 0.28177 0.03047 0.07604
1 0.13047 0.91823 0.03438 0.07396
1 0.41758 0.59427 0.03516 0.06563
1 0.31328 0.82135 0.03438 0.06771
1 0.93984 0.74375 0.02969 0.06458
1 0.41484 0.36198 0.03281 0.07604
1 0.78203 0.19792 0.03594 0.07083
1 0.77148 0.35260 0.03047 0.06354
1 0.65547 0.19948 0.03125 0.06979
1 0.76953 0.27708 0.03438 0.07917
1 0.21641 0.27813 0.03281 0.06875
1 0.59336 0.28854 0.03359 0.06875
1 0.59141 0.73646 0.02813 0.06042
1 0.28242 0.75469 0.03359 0.06146
1 0.56016 0.28385 0.03281 0.06771
1 0.41055 0.83073 0.02891 0.07396
1 0.41563 0.90104 0.03125 0.06250
1 0.09805 0.60365 0.03203 0.06354
1 0.13008 0.60156 0.03203 0.06354
1 0.56133 0.44375 0.03516 0.07292
1 0.86875 0.19896 0.03281 0.07083
1 0.59219 0.66458 0.02969 0.06458
1 0.68086 0.81875 0.03047 0.06458
1 0.59258 0.89896 0.03047 0.06667
1 0.76406 0.81563 0.02656 0.06667
1 0.28594 0.27708 0.03438 0.07500
1 0.86484 0.27396 0.02656 0.05833
1 0.86250 0.81510 0.03594 0.06354
1 0.68242 0.21146 0.02891 0.06458
1 0.91602 0.74375 0.02891 0.06458
1 0.12187 0.27240 0.03125 0.07187
1 0.41133 0.28333 0.03828 0.06250
1 0.59336 0.44427 0.03359 0.07604
