1 0.12812 0.94115 0.03750 0.08229
1 0.18242 0.62396 0.03828 0.07083
1 0.19258 0.85990 0.03984 0.07604
1 0.23516 0.93281 0.03438 0.06979
1 0.20117 0.93333 0.03672 0.07500
1 0.09141 0.94063 0.03906 0.08542
1 0.93008 0.25938 0.03828 0.08958
1 0.87734 0.34792 0.03438 0.07083
1 0.42109 0.90990 0.03594 0.07812
1 0.97148 0.58229 0.03203 0.06875
1 0.87969 0.19271 0.02656 0.06667
1 0.19648 0.77708 0.03516 0.07500
1 0.98164 0.89844 0.03359 0.07396
1 0.07891 0.45052 0.03438 0.07812
1 0.85039 0.65781 0.03516 0.07396
1 0.22109 0.61510 0.04063 0.06771
1 0.19531 0.69948 0.03594 0.08021
1 0.93398 0.34531 0.03359 0.06563
1 0.11875 0.53490 0.04063 0.07396
1 0.30156 0.85260 0.03906 0.08229
1 0.23164 0.76979 0.03516 0.07292
1 0.58437 0.19219 0.03750 0.08229
1 0.79219 0.82135 0.03438 0.08021
1 0.31602 0.68854 0.03984 0.07083
1 0.17813 0.54635 0.04531 0.08438
1 0.85000 0.18698 0.03281 0.07187
1 0.76055 0.81250 0.03203 0.07292
1 0.84180 0.81667 0.03672 0.07708
1 0.31523 0.92812 0.03516 0.06458
1 0.09023 0.70990 0.03828 0.07812
1 0.67461 0.42760 0.03984 0.08021
1 0.93398 0.41458 0.03047 0.06250
1 0.12969 0.69323 0.04063 0.07604
1 0.07891 0.53802 0.03750 0.08229
1 0.96484 0.25625 0.03594 0.08750
1 0.46836 0.35938 0.03672 0.06875
1 0.11367 0.45208 0.03984 0.08125
1 0.85039 0.89427 0.03516 0.07396
1 0.38555 0.91510 0.03828 0.08229
1 0.89062 0.89219 0.03906 0.07396
1 0.57617 0.74740 0.03203 0.06771
1 0.78906 0.74427 0.03125 0.07187
1 0.09219 0.86354 0.03750 0.07292
1 0.47500 0.27396 0.02969 0.06458
1 0.93711 0.17917 0.03047 0.06458
1 0.78398 0.26406 0.03047 0.06354
1 0.84297 0.34479 0.03281 0.07083
1 0.13086 0.86667 0.04141 0.07292
1 0.68906 0.18438 0.03125 0.07708
1 0.75625 0.73958 0.03594 0.07708
1 0.51289 0.75260 0.03516 0.07604
1 0.09570 0.78750 0.03516 0.07500
1 0.75820 0.18438 0.03672 0.08333
1 0.22969 0.85156 0.03906 0.07812
1 0.27344 0.19635 0.03438 0.07604
1 0.22656 0.69844 0.03281 0.08021
1 0.84492 0.26406 0.03516 0.06979
1 0.50547 0.59583 0.03125 0.06458
1 0.08164 0.62240 0.03516 0.07396
1 0.96797 0.17917 0.02813 0.05625
1 0.11680 0.61771 0.03516 0.07292
1 0.40937 0.28073 0.03906 0.07396
1 0.60938 0.74219 0.03594 0.07396
1 0.12930 0.77917 0.03828 0.07500
1 0.33516 0.85208 0.03594 0.08125
1 0.65938 0.18906 0.03281 0.07604
1 0.75430 0.26302 0.03203 0.06563
1 0.87969 0.26667 0.03438 0.07083
1 0.95117 0.89896 0.03203 0.06667
1 0.50313 0.35156 0.03594 0.06771
1 0.98867 0.97083 0.02266 0.05833
1 0.29141 0.36510 0.03750 0.07604
1 0.41250 0.51510 0.03125 0.06979
1 0.75508 0.50052 0.03359 0.06979
1 0.79180 0.50833 0.03672 0.06250
1 0.83789 0.49896 0.03516 0.07917
1 0.65820 0.26771 0.03516 0.07292
1 0.50898 0.19062 0.04453 0.08542
1 0.40273 0.19219 0.03672 0.08646
1 0.21563 0.18958 0.04375 0.07917
1 0.37227 0.26979 0.03828 0.07708
1 0.50547 0.27604 0.03125 0.06667
1 0.56875 0.35469 0.03438 0.08229
1 0.59375 0.34583 0.02969 0.07708
1 0.67695 0.35000 0.03672 0.07083
1 0.76758 0.42344 0.03828 0.07812
1 0.86758 0.41615 0.03203 0.06979
1 0.87148 0.49271 0.03672 0.07500
1 0.83789 0.41875 0.03203 0.06875
1 0.78281 0.34896 0.03750 0.07083
1 0.74961 0.35833 0.03203 0.06667
1 0.69414 0.26615 0.03672 0.07396
1 0.59883 0.26823 0.03516 0.07604
1 0.56680 0.27448 0.03516 0.08021
1 0.46758 0.20000 0.04141 0.08333
1 0.36914 0.19062 0.03828 0.08750
1 0.31133 0.18854 0.03828 0.08333
1 0.09805 0.29323 0.04297 0.09062
1 0.18984 0.45521 0.03750 0.08958
1 0.31914 0.51823 0.03516 0.06563
1 0.31992 0.60365 0.03672 0.08021
0 0.96836 0.49219 0.03672 0.06979
1 0.38086 0.52604 0.03516 0.07708
1 0.31406 0.44583 0.03750 0.07083
1 0.27422 0.43958 0.03750 0.08333
1 0.70352 0.75260 0.03516 0.06771
1 0.66758 0.74844 0.03672 0.07396
1 0.68086 0.83073 0.03516 0.06979
1 0.60625 0.82865 0.03438 0.07604
1 0.57500 0.82604 0.03594 0.07708
1 0.52539 0.83073 0.03672 0.06354
1 0.38672 0.83906 0.02969 0.06771
1 0.27891 0.68646 0.03594 0.07292
1 0.28437 0.60469 0.03594 0.07812
1 0.22187 0.54583 0.04531 0.08542
1 0.19648 0.36562 0.04297 0.07292
0 0.41133 0.59792 0.03984 0.07708
1 0.78828 0.90208 0.03594 0.07083
1 0.75313 0.90260 0.03281 0.06563
1 0.70078 0.91406 0.03438 0.06771
1 0.66680 0.90208 0.03516 0.06667
1 0.61523 0.89896 0.03359 0.07292
1 0.58047 0.90156 0.03594 0.07396
0 0.30820 0.77083 0.04453 0.08125
1 0.28477 0.52604 0.03516 0.07292
1 0.22422 0.44948 0.03750 0.08646
1 0.11953 0.36771 0.03594 0.07708
1 0.08555 0.36771 0.03359 0.07292
1 0.07891 0.19010 0.03750 0.08854
1 0.11367 0.18854 0.03984 0.09792
1 0.17344 0.19792 0.03750 0.07708
1 0.17695 0.28594 0.04141 0.08854
1 0.21484 0.28698 0.03906 0.08438
1 0.27617 0.28281 0.03359 0.07396
1 0.30977 0.27813 0.03516 0.07500
1 0.40586 0.36302 0.04141 0.07187
1 0.56797 0.43229 0.03125 0.06667
1 0.59688 0.43229 0.03281 0.06875
1 0.88398 0.66198 0.03672 0.07187
1 0.95781 0.73958 0.03906 0.07500
1 0.84531 0.73958 0.03438 0.06250
1 0.79453 0.66771 0.03438 0.07917
1 0.70508 0.68073 0.03672 0.07396
1 0.60742 0.67188 0.03203 0.06250
1 0.59961 0.59375 0.03203 0.06667
1 0.56953 0.59062 0.03281 0.07083
1 0.47578 0.59271 0.03281 0.06458
1 0.50664 0.68021 0.03359 0.06667
1 0.47852 0.75677 0.03516 0.07187
0 0.50391 0.91406 0.03594 0.07812
1 0.49102 0.83333 0.03516 0.07083
1 0.41484 0.84115 0.03125 0.07187
1 0.41758 0.75573 0.03516 0.07604
1 0.38438 0.76094 0.03438 0.07812
1 0.38789 0.67604 0.03672 0.07917
1 0.42148 0.67552 0.03828 0.06979
1 0.47539 0.67240 0.03203 0.06771
1 0.57422 0.66771 0.03281 0.07083
1 0.66953 0.66875 0.03750 0.07292
1 0.76211 0.66458 0.03672 0.07708
1 0.68359 0.59740 0.03750 0.07187
1 0.50547 0.51406 0.03281 0.06979
1 0.47617 0.50313 0.03203 0.07083
1 0.36836 0.36146 0.03984 0.07500
1 0.38359 0.44167 0.03750 0.08750
1 0.41875 0.43646 0.03750 0.08125
1 0.48672 0.43438 0.04219 0.08125
1 0.56836 0.50625 0.03516 0.08333
1 0.60391 0.51562 0.03906 0.07708
1 0.65508 0.51510 0.03359 0.06146
1 0.68750 0.51302 0.03125 0.06771
1 0.76406 0.57135 0.03594 0.09062
1 0.85391 0.57969 0.03594 0.07396
1 0.88828 0.56771 0.03750 0.08125
1 0.94219 0.65521 0.03594 0.07708
1 0.97930 0.65365 0.03828 0.07812
1 0.93398 0.80833 0.04609 0.08125
1 0.87852 0.81771 0.03828 0.07708
1 0.88164 0.74062 0.03516 0.07292
1 0.97813 0.79740 0.04063 0.08854
1 0.93984 0.58021 0.03438 0.06667
0 0.93398 0.49896 0.03359 0.07917
1 0.96445 0.41615 0.03203 0.06563
1 0.96641 0.34167 0.03281 0.07292
