1 0.37148 0.69948 0.02734 0.05312
1 0.34687 0.64115 0.02656 0.05104
1 0.90820 0.26198 0.03047 0.06146
1 0.27539 0.57708 0.02734 0.05625
1 0.79141 0.25938 0.03125 0.05625
1 0.87891 0.26094 0.02969 0.06146
1 0.34687 0.69479 0.02500 0.05625
1 0.79883 0.32396 0.02891 0.05625
1 0.49766 0.58073 0.02969 0.05937
1 0.19531 0.76406 0.03125 0.05937
1 0.82070 0.25938 0.03203 0.05833
1 0.19102 0.44323 0.02891 0.05729
1 0.29531 0.64010 0.02813 0.05937
1 0.87734 0.32917 0.02969 0.06250
1 0.37734 0.51042 0.02813 0.05625
1 0.63477 0.70469 0.02734 0.05521
1 0.18711 0.57240 0.02891 0.06146
1 0.21953 0.57188 0.03281 0.06458
1 0.82617 0.32500 0.02578 0.05833
1 0.37812 0.57188 0.02969 0.06250
1 0.37422 0.45052 0.03281 0.05937
1 0.45469 0.51042 0.02969 0.05625
1 0.90469 0.32708 0.02969 0.05833
1 0.18633 0.51146 0.03203 0.06667
1 0.75508 0.26510 0.03203 0.05729
1 0.22461 0.76667 0.03203 0.06042
1 0.42305 0.50573 0.02891 0.05312
1 0.66250 0.70417 0.02969 0.05417
1 0.30469 0.70260 0.02969 0.05729
1 0.18828 0.70365 0.02656 0.05521
1 0.66797 0.64167 0.02813 0.05833
1 0.63867 0.76406 0.03047 0.06146
1 0.21875 0.70208 0.02969 0.05833
1 0.56680 0.64427 0.02891 0.05521
1 0.58359 0.70104 0.03125 0.06042
1 0.75352 0.32760 0.03047 0.06146
1 0.41836 0.57188 0.02891 0.06458
1 0.45234 0.63698 0.02813 0.05937
1 0.52031 0.69948 0.03125 0.05729
1 0.27070 0.82865 0.03047 0.06146
1 0.59453 0.63854 0.02813 0.05417
1 0.22031 0.63854 0.02969 0.06042
1 0.21289 0.82708 0.02734 0.05833
1 0.64414 0.32083 0.03047 0.06875
1 0.57031 0.83958 0.02656 0.05833
1 0.29844 0.82865 0.02969 0.06146
1 0.19258 0.63698 0.02734 0.06146
1 0.18711 0.82500 0.02578 0.05833
1 0.75000 0.38802 0.02813 0.05729
0 0.80352 0.39427 0.03359 0.05937
1 0.72266 0.32812 0.03125 0.06458
1 0.67109 0.32500 0.03281 0.07292
0 0.83437 0.40417 0.03281 0.06042
1 0.72539 0.39323 0.02734 0.05729
1 0.60234 0.32448 0.02813 0.05937
1 0.57539 0.32500 0.02891 0.06458
1 0.56875 0.51250 0.02969 0.05833
1 0.49375 0.45104 0.02969 0.06042
1 0.26602 0.24115 0.02891 0.05521
1 0.29453 0.24740 0.03125 0.05521
1 0.34375 0.24531 0.03125 0.07187
1 0.50039 0.25417 0.02734 0.05625
1 0.52734 0.25000 0.02813 0.06042
1 0.57500 0.25104 0.02969 0.06667
1 0.60664 0.25052 0.03047 0.06563
1 0.64375 0.25104 0.03281 0.06458
1 0.67617 0.25625 0.03203 0.06250
1 0.90156 0.46510 0.02656 0.06563
0 0.56953 0.57760 0.02813 0.06146
0 0.52656 0.51562 0.02813 0.05625
0 0.49961 0.51510 0.02734 0.06146
1 0.42188 0.44688 0.03125 0.06250
1 0.21797 0.24271 0.02969 0.06042
1 0.71523 0.65000 0.02734 0.05833
1 0.45586 0.44583 0.03047 0.06042
1 0.34375 0.38073 0.02969 0.06146
0 0.26289 0.31510 0.02734 0.06146
1 0.65352 0.39219 0.02891 0.05104
1 0.68320 0.39740 0.03047 0.05521
1 0.72305 0.51667 0.02891 0.05833
1 0.44766 0.24375 0.03281 0.08125
1 0.41875 0.24635 0.03125 0.07812
1 0.37305 0.24219 0.03047 0.07187
1 0.18906 0.23385 0.02969 0.06771
1 0.37344 0.31823 0.03125 0.06146
1 0.56758 0.45104 0.02891 0.05833
1 0.64375 0.51823 0.03125 0.05729
1 0.67148 0.51667 0.02734 0.05833
1 0.88867 0.58802 0.02578 0.05937
1 0.59219 0.76719 0.02969 0.06146
1 0.56484 0.76615 0.02813 0.06563
1 0.41055 0.75938 0.02422 0.05833
1 0.37383 0.76302 0.02891 0.05937
1 0.34687 0.76667 0.02969 0.06042
1 0.27461 0.70052 0.03047 0.05937
1 0.26875 0.64115 0.02813 0.06146
1 0.21758 0.50781 0.03047 0.06354
1 0.64141 0.64583 0.02656 0.05417
1 0.43438 0.76302 0.02656 0.05937
1 0.35039 0.82760 0.02578 0.05729
1 0.37695 0.82917 0.02734 0.06042
1 0.43359 0.82865 0.03125 0.05937
1 0.74258 0.83594 0.02891 0.05729
1 0.78516 0.83802 0.02500 0.05729
1 0.80820 0.83229 0.03203 0.05833
1 0.85391 0.82969 0.02656 0.05521
1 0.88086 0.82812 0.02734 0.05208
0 0.27930 0.76667 0.03203 0.05833
1 0.81133 0.77083 0.02734 0.05208
1 0.78555 0.77031 0.02578 0.05729
1 0.71406 0.70625 0.02656 0.05417
1 0.52539 0.57344 0.02734 0.05521
1 0.34453 0.44740 0.02969 0.05729
1 0.29844 0.44271 0.03125 0.05833
1 0.27148 0.38229 0.02734 0.05625
1 0.29805 0.38281 0.02891 0.05729
1 0.86406 0.58594 0.02656 0.05312
0 0.85117 0.77344 0.02734 0.05104
1 0.81758 0.71562 0.03359 0.05625
1 0.59453 0.52031 0.02656 0.05312
1 0.52227 0.45365 0.03203 0.06146
1 0.36758 0.38073 0.03203 0.06563
1 0.34414 0.31823 0.03359 0.06146
0 0.29141 0.31927 0.02969 0.05937
1 0.49062 0.69948 0.02969 0.05729
1 0.30391 0.57500 0.02813 0.05208
1 0.26680 0.50938 0.03203 0.06250
1 0.21875 0.44688 0.02969 0.05625
1 0.34414 0.50885 0.03047 0.06146
1 0.44414 0.57031 0.02891 0.06354
1 0.49062 0.63802 0.02813 0.05312
1 0.51758 0.63646 0.02734 0.05625
1 0.52070 0.76146 0.03047 0.06250
1 0.49258 0.76042 0.03047 0.06458
1 0.44023 0.69688 0.02734 0.05833
1 0.41563 0.69844 0.02500 0.05521
1 0.42109 0.63854 0.02969 0.05833
1 0.37344 0.63750 0.02813 0.05417
1 0.34687 0.57552 0.03125 0.06146
1 0.30000 0.51146 0.03594 0.06667
1 0.26758 0.44219 0.03203 0.05729
1 0.22734 0.37656 0.03281 0.05729
1 0.19102 0.37865 0.03359 0.06146
1 0.21133 0.30990 0.03047 0.06563
1 0.18320 0.30990 0.02891 0.06563
0 0.59531 0.58021 0.02813 0.05625
1 0.65547 0.56927 0.03281 0.05521
1 0.71406 0.58177 0.02813 0.05937
1 0.74297 0.58229 0.02813 0.05625
1 0.74297 0.64427 0.02813 0.05937
1 0.82188 0.64948 0.03125 0.05937
1 0.86328 0.70990 0.02656 0.05937
1 0.86523 0.64323 0.02734 0.05937
1 0.79258 0.52344 0.03047 0.06979
1 0.74844 0.51771 0.02813 0.05625
1 0.60195 0.38854 0.02734 0.05417
1 0.52461 0.32031 0.02891 0.06146
1 0.49844 0.31927 0.02813 0.06354
1 0.44805 0.31979 0.02891 0.06042
1 0.42383 0.31562 0.02734 0.06250
0 0.42656 0.37917 0.02969 0.06458
0 0.45820 0.38021 0.03047 0.06250
0 0.49688 0.39115 0.02813 0.05521
0 0.52539 0.38490 0.02734 0.05729
1 0.57305 0.38906 0.02891 0.05521
1 0.59141 0.44792 0.02813 0.06042
1 0.64297 0.44896 0.02969 0.05625
1 0.67148 0.45417 0.02891 0.05417
0 0.71641 0.45417 0.02813 0.05625
0 0.74570 0.45312 0.03047 0.05625
1 0.79141 0.45208 0.02969 0.06042
1 0.81953 0.45625 0.02969 0.05417
1 0.88633 0.52292 0.03516 0.05000
1 0.89297 0.64844 0.02969 0.05937
1 0.88984 0.71250 0.02813 0.06458
0 0.88164 0.77552 0.03203 0.05104
1 0.71289 0.83542 0.02891 0.06458
0 0.52383 0.82552 0.03359 0.06354
0 0.49688 0.82500 0.03594 0.05625
1 0.59414 0.83125 0.02891 0.05417
1 0.63672 0.82760 0.02813 0.06354
1 0.66563 0.83542 0.02813 0.06250
1 0.66953 0.76771 0.03281 0.06042
1 0.70977 0.76615 0.03047 0.05937
1 0.73750 0.76667 0.03125 0.05833
1 0.74023 0.70312 0.02578 0.05625
1 0.78438 0.70990 0.02813 0.05312
1 0.79453 0.65312 0.02969 0.05625
0 0.78789 0.59010 0.03984 0.05937
0 0.82188 0.58281 0.03438 0.05937
1 0.82266 0.51927 0.03125 0.06146
1 0.85742 0.52344 0.02891 0.05521
1 0.87656 0.45937 0.02813 0.06458
1 0.89258 0.38802 0.03359 0.06354
1 0.72578 0.25833 0.02656 0.05625
