1 0.94727 0.89323 0.02891 0.05937
1 0.94766 0.74167 0.02969 0.06458
1 0.19648 0.69583 0.03203 0.06250
1 0.22617 0.69271 0.02891 0.06042
1 0.14453 0.85000 0.03594 0.06667
1 0.94648 0.59271 0.03047 0.06875
1 0.21016 0.92708 0.03281 0.06250
1 0.10508 0.77292 0.03672 0.06667
1 0.37812 0.37135 0.03125 0.07396
1 0.10781 0.69375 0.03281 0.06667
1 0.11797 0.21875 0.03281 0.07500
1 0.23164 0.84896 0.03203 0.06875
1 0.49609 0.45417 0.03438 0.07500
1 0.94063 0.82292 0.02656 0.05625
1 0.38789 0.83802 0.02734 0.05937
1 0.32695 0.84219 0.02734 0.06354
1 0.91992 0.89115 0.02891 0.05729
1 0.30117 0.83854 0.02734 0.06250
1 0.10820 0.85000 0.03672 0.07292
1 0.38281 0.75990 0.02969 0.06146
1 0.29102 0.76510 0.03516 0.06979
1 0.30195 0.91979 0.02734 0.06250
1 0.22695 0.76510 0.03359 0.07812
1 0.28945 0.37135 0.03047 0.06354
1 0.24414 0.92812 0.03516 0.06250
1 0.47617 0.91302 0.02891 0.06354
1 0.91250 0.82604 0.02813 0.05833
1 0.46836 0.37188 0.03516 0.07500
1 0.32734 0.91927 0.02813 0.06563
1 0.41914 0.89792 0.02891 0.06042
1 0.39258 0.90469 0.02891 0.06354
1 0.14141 0.78125 0.03750 0.06042
1 0.13867 0.69115 0.03047 0.06563
1 0.11328 0.92708 0.03125 0.07292
1 0.85625 0.74583 0.03125 0.06667
1 0.74336 0.74792 0.02891 0.06250
1 0.14336 0.92969 0.03359 0.07396
1 0.13594 0.62604 0.03438 0.05833
1 0.20742 0.84219 0.03047 0.06354
1 0.50547 0.91094 0.03125 0.06354
1 0.10547 0.61458 0.03281 0.06875
1 0.19492 0.77240 0.03359 0.07604
1 0.28477 0.68802 0.02891 0.05729
1 0.32617 0.76458 0.03828 0.06875
1 0.27500 0.21302 0.02969 0.07187
0 0.82812 0.20000 0.03281 0.07292
0 0.85664 0.27135 0.03516 0.06563
1 0.64727 0.45052 0.03203 0.06771
1 0.67734 0.44635 0.03125 0.06979
1 0.68359 0.29271 0.03594 0.07917
0 0.91641 0.35885 0.02813 0.06979
1 0.40117 0.20833 0.03516 0.06667
0 0.91523 0.20260 0.03516 0.06771
0 0.94453 0.35833 0.03125 0.07292
1 0.86133 0.35052 0.03203 0.08021
1 0.77891 0.21302 0.03438 0.07187
1 0.74687 0.20885 0.03281 0.07187
1 0.67969 0.36510 0.03281 0.06563
1 0.64687 0.36823 0.03438 0.06563
1 0.73320 0.44427 0.03047 0.06146
0 0.87070 0.43750 0.03359 0.06667
1 0.76875 0.36979 0.03125 0.06458
1 0.73906 0.36719 0.02813 0.06563
1 0.83359 0.51510 0.03281 0.06979
1 0.86250 0.51615 0.02656 0.06979
1 0.91563 0.43333 0.03281 0.06875
1 0.94844 0.43229 0.03594 0.06667
0 0.85938 0.19896 0.03281 0.07083
0 0.58398 0.37240 0.03359 0.07187
0 0.55391 0.37656 0.03281 0.07187
1 0.50039 0.37708 0.03359 0.07708
0 0.22656 0.61875 0.02656 0.06875
1 0.58594 0.43854 0.03125 0.07083
1 0.55742 0.44688 0.03203 0.06875
1 0.94375 0.66823 0.02969 0.06146
1 0.91680 0.66510 0.02734 0.05937
1 0.74180 0.52656 0.03047 0.06563
0 0.85859 0.67083 0.03281 0.06042
1 0.76719 0.59948 0.03438 0.06354
1 0.73672 0.59688 0.02813 0.06667
1 0.59844 0.51510 0.03125 0.06563
1 0.76992 0.51927 0.03203 0.07187
1 0.77695 0.66823 0.02734 0.05937
1 0.83125 0.59271 0.03594 0.08542
1 0.86602 0.59635 0.03828 0.07812
1 0.91758 0.59271 0.03047 0.06875
0 0.91953 0.51458 0.03281 0.07083
0 0.94805 0.51354 0.02734 0.06667
0 0.94688 0.20260 0.03281 0.06771
1 0.91211 0.28281 0.03047 0.06771
1 0.41875 0.83281 0.03125 0.06563
0 0.82969 0.66823 0.02969 0.05937
1 0.22031 0.53854 0.03906 0.07917
1 0.92070 0.74010 0.02891 0.06146
1 0.82852 0.74635 0.02734 0.06563
1 0.49922 0.67969 0.02969 0.06979
0 0.85508 0.82135 0.02891 0.05937
1 0.76992 0.74531 0.02891 0.06354
0 0.82617 0.82188 0.03047 0.06458
0 0.56211 0.82500 0.03203 0.06667
0 0.49492 0.75521 0.02891 0.06458
0 0.46836 0.75260 0.03047 0.06563
1 0.38398 0.61302 0.03203 0.06979
1 0.32617 0.60729 0.03203 0.08125
1 0.38398 0.68437 0.03047 0.06458
1 0.50000 0.83333 0.02969 0.06250
1 0.47187 0.83542 0.03125 0.06667
1 0.41680 0.75781 0.03047 0.06146
1 0.31211 0.68750 0.03359 0.05625
1 0.29648 0.60729 0.03203 0.07917
0 0.19609 0.61667 0.03906 0.07292
1 0.18438 0.53802 0.03750 0.08229
1 0.12461 0.53490 0.03047 0.07396
1 0.09414 0.53438 0.03516 0.06875
1 0.09766 0.45729 0.03281 0.06667
0 0.56094 0.90365 0.03125 0.06563
1 0.66797 0.91354 0.03281 0.06042
0 0.58594 0.90573 0.03125 0.06563
1 0.40742 0.37812 0.03203 0.07708
1 0.21719 0.30260 0.03125 0.06146
0 0.82617 0.89896 0.02891 0.06250
1 0.17891 0.37969 0.03281 0.07604
1 0.41406 0.53021 0.02813 0.06250
1 0.65195 0.67917 0.02891 0.06667
1 0.68359 0.67917 0.02969 0.06250
0 0.85547 0.89531 0.03281 0.06563
1 0.41289 0.60885 0.02891 0.06563
1 0.12578 0.46094 0.02813 0.06563
1 0.38438 0.52969 0.03281 0.06563
1 0.55781 0.67604 0.03125 0.06250
1 0.67852 0.81354 0.02734 0.05208
0 0.28164 0.45833 0.03359 0.06250
0 0.31367 0.45052 0.03203 0.06563
1 0.37969 0.45208 0.02969 0.06667
1 0.56914 0.51615 0.03359 0.06563
1 0.65859 0.59948 0.02969 0.06771
1 0.68750 0.58958 0.03281 0.06875
1 0.74961 0.66719 0.02891 0.06146
1 0.59258 0.75260 0.03359 0.06354
1 0.41211 0.68854 0.02734 0.06250
1 0.47031 0.60260 0.03281 0.06771
1 0.50039 0.59635 0.03359 0.06771
1 0.64648 0.51354 0.03359 0.06250
1 0.67773 0.51198 0.03047 0.06146
1 0.76484 0.44062 0.03125 0.06042
0 0.83672 0.44062 0.03438 0.06875
1 0.83320 0.35990 0.03203 0.06563
1 0.94023 0.28437 0.02734 0.06667
0 0.83125 0.28281 0.02969 0.06354
1 0.76055 0.29635 0.03203 0.07187
1 0.73633 0.29531 0.03047 0.07396
1 0.65039 0.29479 0.03359 0.08125
1 0.59180 0.28906 0.03203 0.06563
1 0.55898 0.29635 0.03047 0.06354
1 0.50469 0.29427 0.03906 0.08021
1 0.46875 0.29948 0.03750 0.07812
1 0.41211 0.29635 0.03984 0.07396
1 0.37539 0.29479 0.03516 0.07708
1 0.31797 0.29635 0.03438 0.07604
1 0.28281 0.29427 0.03438 0.07604
1 0.18242 0.29635 0.03516 0.06771
1 0.09492 0.29635 0.03359 0.07187
1 0.21055 0.38073 0.03359 0.07396
1 0.31836 0.37500 0.03359 0.06042
1 0.40742 0.45417 0.03047 0.06667
1 0.46328 0.45312 0.03438 0.07708
1 0.46875 0.53125 0.03594 0.06667
1 0.50352 0.53021 0.03047 0.06250
1 0.55547 0.59948 0.03125 0.06979
1 0.58398 0.60000 0.03203 0.06875
1 0.58711 0.67865 0.03047 0.06563
1 0.65781 0.74896 0.02969 0.06042
1 0.68516 0.74792 0.02969 0.05833
1 0.74609 0.81510 0.03125 0.06979
1 0.77539 0.81875 0.02891 0.07083
0 0.76562 0.90000 0.03125 0.06667
1 0.12734 0.29844 0.03438 0.07187
1 0.65078 0.81615 0.02813 0.05521
0 0.59453 0.83281 0.03438 0.06979
1 0.55820 0.75052 0.03516 0.06771
1 0.46992 0.68646 0.03203 0.05833
1 0.29961 0.52760 0.03516 0.06771
1 0.21758 0.45677 0.03047 0.06771
1 0.18945 0.45417 0.03047 0.06667
1 0.12852 0.37656 0.03203 0.07187
1 0.09766 0.37917 0.03281 0.07292
1 0.08789 0.21563 0.02891 0.07500
1 0.17578 0.21302 0.03594 0.08229
1 0.21250 0.21302 0.03906 0.07812
1 0.30547 0.21198 0.03281 0.06771
1 0.36562 0.21302 0.03281 0.07187
1 0.46055 0.21250 0.03203 0.07708
1 0.49219 0.21146 0.03281 0.07500
0 0.73516 0.89792 0.02969 0.06458
1 0.55195 0.21719 0.03828 0.08021
1 0.58789 0.21042 0.03516 0.07917
1 0.65352 0.21302 0.03203 0.06979
1 0.68203 0.20677 0.03281 0.08021
