1 0.10859 0.84375 0.03438 0.07500
1 0.83555 0.17917 0.03516 0.06875
1 0.08750 0.18750 0.03906 0.08542
1 0.67852 0.74219 0.03203 0.06563
1 0.05195 0.18333 0.03672 0.08542
1 0.07500 0.84792 0.03594 0.07292
1 0.21563 0.91771 0.03438 0.08125
1 0.95469 0.89219 0.02813 0.06354
1 0.19922 0.84792 0.03125 0.06458
1 0.39375 0.91302 0.03125 0.06354
1 0.92734 0.89062 0.03125 0.06875
1 0.16367 0.76510 0.03047 0.06771
1 0.10430 0.93333 0.03359 0.06458
1 0.19727 0.60313 0.03359 0.07500
1 0.18320 0.91927 0.03516 0.07604
1 0.76211 0.34010 0.03516 0.06771
1 0.91836 0.34427 0.03516 0.06354
1 0.15586 0.26250 0.03516 0.07917
1 0.95820 0.50000 0.03203 0.07292
1 0.18945 0.26406 0.03516 0.08229
1 0.55820 0.90938 0.03047 0.07292
1 0.82812 0.66042 0.03125 0.07500
1 0.08828 0.26823 0.02969 0.07187
1 0.17031 0.84688 0.02969 0.06667
1 0.67422 0.90208 0.02969 0.06667
1 0.16523 0.59896 0.03203 0.07917
1 0.48438 0.74792 0.03125 0.06667
1 0.06172 0.26979 0.02813 0.07292
1 0.83320 0.89792 0.02891 0.06875
1 0.86836 0.17552 0.03203 0.06979
1 0.09492 0.43333 0.03203 0.06875
1 0.39375 0.83229 0.03438 0.06458
1 0.45977 0.91458 0.03047 0.06875
1 0.19375 0.76354 0.03125 0.06667
1 0.15547 0.18542 0.02969 0.06667
1 0.15859 0.35000 0.03438 0.07708
1 0.36367 0.91146 0.02891 0.06458
1 0.48789 0.91406 0.03047 0.06563
1 0.85898 0.89896 0.02891 0.06667
1 0.36055 0.83229 0.02891 0.06458
1 0.73750 0.90156 0.02813 0.07396
1 0.76406 0.90625 0.02969 0.07083
1 0.07500 0.93125 0.02813 0.06250
1 0.64414 0.90104 0.03203 0.07083
1 0.58789 0.90312 0.03047 0.06875
1 0.44688 0.27865 0.03594 0.07396
1 0.58359 0.27240 0.03125 0.07187
1 0.55312 0.26979 0.03281 0.08125
1 0.48398 0.26667 0.03828 0.07917
0 0.64531 0.26615 0.03594 0.07187
0 0.68008 0.26354 0.03516 0.07500
1 0.82695 0.25885 0.03828 0.07187
1 0.76953 0.18073 0.04063 0.07396
1 0.73516 0.18229 0.04375 0.08542
1 0.64258 0.18802 0.04141 0.09688
1 0.57773 0.17760 0.03203 0.07604
1 0.54609 0.18125 0.03281 0.07292
1 0.48516 0.17448 0.03750 0.08438
1 0.45195 0.19219 0.03828 0.08854
1 0.39531 0.20885 0.03281 0.07604
1 0.36562 0.18281 0.03281 0.07812
1 0.25547 0.18542 0.03438 0.07917
1 0.25703 0.27396 0.04063 0.08333
1 0.48438 0.42292 0.03125 0.07083
1 0.38750 0.26823 0.03594 0.07396
1 0.28789 0.18542 0.03359 0.07708
1 0.19961 0.51667 0.03672 0.07500
1 0.16523 0.51302 0.03359 0.07187
1 0.45508 0.43125 0.03203 0.06875
0 0.45195 0.35260 0.02891 0.06354
1 0.72969 0.34115 0.03281 0.05729
1 0.82539 0.34323 0.03203 0.06771
0 0.92305 0.26510 0.03203 0.07187
0 0.95195 0.25104 0.03203 0.07500
1 0.96172 0.17344 0.03750 0.08438
1 0.92695 0.17865 0.04141 0.07812
1 0.86094 0.25573 0.03438 0.07396
0 0.76406 0.25729 0.03594 0.08333
1 0.07187 0.76354 0.03438 0.07292
1 0.10664 0.75781 0.03516 0.07396
1 0.09922 0.51302 0.03750 0.08229
1 0.20273 0.68125 0.03516 0.07083
1 0.16836 0.68333 0.03359 0.06875
0 0.09297 0.60000 0.03594 0.07708
0 0.10430 0.68229 0.03672 0.06667
0 0.06328 0.59948 0.03125 0.07604
1 0.06445 0.51719 0.03359 0.08021
1 0.06641 0.43229 0.02813 0.06875
1 0.10000 0.35781 0.03281 0.06771
1 0.19297 0.35313 0.03281 0.07500
1 0.25469 0.35156 0.03281 0.06771
1 0.28477 0.35417 0.03359 0.07083
1 0.36172 0.35104 0.03594 0.08125
1 0.54805 0.35260 0.03359 0.06979
1 0.58164 0.35729 0.03516 0.06458
1 0.64570 0.35000 0.03203 0.07292
1 0.67656 0.34635 0.03438 0.06979
0 0.06992 0.68333 0.03359 0.06667
1 0.57930 0.49844 0.02891 0.06354
1 0.55117 0.42292 0.02891 0.06875
1 0.63516 0.50885 0.02969 0.06354
1 0.64727 0.42656 0.03203 0.06563
1 0.67773 0.42500 0.03047 0.06667
1 0.73242 0.42031 0.03359 0.07396
1 0.76562 0.42188 0.03594 0.07708
1 0.86250 0.42604 0.03281 0.07083
1 0.55508 0.75052 0.03047 0.06354
1 0.58359 0.75208 0.03125 0.06250
0 0.95703 0.57500 0.03281 0.06458
1 0.76602 0.50938 0.03047 0.07083
1 0.48906 0.67083 0.03750 0.08125
1 0.45312 0.66667 0.03750 0.07708
0 0.36836 0.74792 0.03359 0.07083
1 0.83281 0.42656 0.02969 0.06771
0 0.92422 0.56979 0.03281 0.06875
0 0.73047 0.26302 0.03438 0.08021
1 0.67734 0.18125 0.03438 0.08333
1 0.39609 0.35469 0.03438 0.07396
0 0.48281 0.35313 0.03438 0.06875
0 0.86367 0.58073 0.03203 0.06979
1 0.94453 0.65469 0.02969 0.07187
1 0.91406 0.65677 0.03281 0.07187
1 0.57969 0.42292 0.03125 0.06875
1 0.35547 0.26719 0.03281 0.07396
1 0.29648 0.26875 0.04141 0.08333
1 0.18555 0.18333 0.03359 0.06875
1 0.63945 0.82344 0.03359 0.06979
1 0.58516 0.82396 0.03125 0.06250
1 0.55859 0.82448 0.02656 0.05937
1 0.45508 0.74948 0.02891 0.06771
0 0.48750 0.82500 0.03438 0.06875
0 0.39648 0.75000 0.03047 0.06875
1 0.39492 0.67344 0.03203 0.06771
1 0.35820 0.58802 0.03359 0.06563
1 0.39062 0.58594 0.03281 0.06771
1 0.46172 0.58281 0.02969 0.06979
1 0.55625 0.66250 0.02813 0.06250
1 0.64727 0.73958 0.03203 0.06667
1 0.67188 0.81979 0.03438 0.06250
1 0.73672 0.82031 0.03281 0.06979
1 0.76953 0.81823 0.03438 0.07396
0 0.45703 0.83021 0.03281 0.06875
0 0.48477 0.50156 0.03047 0.06771
1 0.85742 0.66406 0.03203 0.07187
1 0.54648 0.50052 0.03516 0.06771
0 0.45820 0.50469 0.02891 0.06563
1 0.39961 0.43229 0.03672 0.07708
1 0.36641 0.66875 0.03125 0.07292
1 0.06992 0.35260 0.03203 0.06563
1 0.95703 0.81563 0.03281 0.07083
1 0.85352 0.73750 0.02891 0.06250
1 0.36602 0.43490 0.03672 0.07604
1 0.29375 0.43229 0.03281 0.06458
0 0.39023 0.50677 0.03359 0.06979
0 0.67812 0.65208 0.03438 0.06458
1 0.73008 0.65781 0.03047 0.06563
1 0.92852 0.81667 0.03047 0.06042
1 0.73516 0.74323 0.03594 0.07396
0 0.64727 0.66563 0.03047 0.06250
1 0.58242 0.66198 0.02734 0.06354
1 0.49258 0.58333 0.03203 0.07083
0 0.35977 0.51250 0.03047 0.06458
1 0.15977 0.42969 0.03359 0.06979
1 0.19141 0.43177 0.03281 0.06979
1 0.29375 0.83750 0.03125 0.06042
0 0.29570 0.76354 0.03359 0.07292
1 0.30195 0.68021 0.03359 0.07500
1 0.30273 0.59583 0.03359 0.07292
1 0.29961 0.51198 0.03672 0.07396
0 0.29609 0.91823 0.02813 0.07396
1 0.26289 0.84115 0.03047 0.06771
0 0.26328 0.76198 0.03438 0.07396
1 0.26875 0.67552 0.03594 0.07812
1 0.26758 0.59844 0.03359 0.07187
1 0.26406 0.51146 0.03281 0.07500
1 0.26250 0.42969 0.03125 0.06563
0 0.83125 0.57760 0.03594 0.07396
1 0.83984 0.49948 0.03438 0.07187
1 0.86484 0.51094 0.02813 0.06979
1 0.92695 0.49792 0.03203 0.07292
1 0.92148 0.41927 0.03828 0.07812
1 0.95508 0.41875 0.03359 0.07708
0 0.26758 0.91927 0.03203 0.07396
0 0.94961 0.73750 0.03516 0.07292
0 0.91641 0.74271 0.03438 0.08542
0 0.84141 0.81615 0.03750 0.07396
1 0.82617 0.74115 0.02734 0.05937
1 0.77109 0.73542 0.03750 0.07292
1 0.75938 0.65156 0.03281 0.06771
1 0.73633 0.50573 0.03203 0.07187
1 0.74492 0.57917 0.03672 0.06458
1 0.67969 0.58281 0.02969 0.06771
1 0.64922 0.58594 0.03438 0.06563
1 0.56523 0.59167 0.03516 0.07083
1 0.66523 0.50156 0.03047 0.06354
1 0.85781 0.33958 0.03281 0.06875
1 0.95078 0.33802 0.03125 0.06771
