1 0.07031 0.68437 0.03750 0.08125
1 0.17930 0.77135 0.03828 0.08229
1 0.28047 0.42812 0.03438 0.08333
1 0.73477 0.91302 0.03516 0.07604
1 0.17422 0.15313 0.03906 0.09792
1 0.24727 0.42500 0.03672 0.08750
1 0.47539 0.25885 0.03516 0.08854
1 0.34102 0.16510 0.03828 0.08229
1 0.07383 0.51354 0.03516 0.07083
1 0.27539 0.84844 0.03672 0.07396
1 0.82891 0.84427 0.02969 0.06563
1 0.04023 0.93594 0.03047 0.08021
1 0.95977 0.83958 0.03047 0.07083
1 0.73164 0.50938 0.03672 0.08125
1 0.28359 0.76042 0.03281 0.07083
1 0.25000 0.34063 0.02969 0.07083
1 0.34297 0.50885 0.03281 0.07604
1 0.25234 0.59948 0.03125 0.06979
1 0.44102 0.25781 0.03672 0.08854
1 0.63555 0.51094 0.03047 0.06979
1 0.27969 0.92865 0.03750 0.06771
1 0.37305 0.51146 0.03203 0.07500
1 0.17188 0.41979 0.03594 0.07500
1 0.44492 0.76146 0.03359 0.07083
1 0.07695 0.86146 0.03516 0.07292
1 0.92930 0.84062 0.03203 0.06875
1 0.16953 0.68490 0.03281 0.07604
1 0.54180 0.34427 0.03516 0.08021
1 0.48047 0.84115 0.02969 0.06979
1 0.14258 0.93385 0.03516 0.07812
1 0.82891 0.42500 0.03281 0.06667
1 0.47070 0.59427 0.03516 0.07604
1 0.34258 0.43073 0.03828 0.07187
1 0.06914 0.93281 0.03047 0.06979
1 0.57578 0.83802 0.02969 0.07812
1 0.24023 0.84844 0.03359 0.07604
1 0.14023 0.68542 0.03047 0.07083
1 0.37969 0.84635 0.03281 0.07396
1 0.34570 0.92604 0.03516 0.07500
1 0.14258 0.77187 0.03672 0.08333
1 0.49023 0.92500 0.03203 0.07917
1 0.23828 0.16562 0.04219 0.09792
1 0.13711 0.15260 0.04453 0.09479
1 0.56016 0.91146 0.03438 0.07292
1 0.85781 0.76302 0.03594 0.07396
1 0.28437 0.59948 0.03281 0.07187
1 0.45781 0.17448 0.04063 0.08229
1 0.34766 0.84219 0.03438 0.07396
1 0.17617 0.93802 0.03516 0.08021
1 0.24766 0.68229 0.03125 0.06667
1 0.16992 0.59740 0.03359 0.06979
1 0.47734 0.76198 0.03281 0.07187
1 0.76445 0.76354 0.03359 0.07083
1 0.85938 0.84844 0.03281 0.06771
1 0.54297 0.75365 0.02969 0.07604
1 0.37539 0.26354 0.03203 0.07708
1 0.25156 0.76510 0.03281 0.07187
1 0.38008 0.42083 0.03672 0.07292
1 0.44297 0.51354 0.03438 0.07292
1 0.37734 0.16823 0.04063 0.08438
1 0.38164 0.92760 0.03516 0.07187
1 0.92930 0.34583 0.03516 0.08125
1 0.63125 0.91094 0.03438 0.06146
1 0.56953 0.75990 0.02813 0.07396
1 0.54297 0.50677 0.03281 0.06979
1 0.44453 0.43229 0.03281 0.07500
1 0.82500 0.59740 0.03281 0.06979
1 0.53867 0.58490 0.03047 0.07396
1 0.75195 0.67552 0.03203 0.07604
1 0.63867 0.34792 0.03516 0.07292
1 0.45156 0.83802 0.02969 0.07187
1 0.65664 0.67604 0.03516 0.07292
1 0.04102 0.85208 0.03516 0.07083
1 0.85977 0.42396 0.03359 0.06875
1 0.64727 0.26562 0.03047 0.06667
1 0.95234 0.92188 0.03125 0.06875
1 0.67109 0.34844 0.03438 0.07187
1 0.82500 0.92500 0.02969 0.06875
1 0.54961 0.17396 0.03047 0.08125
1 0.45859 0.93073 0.03438 0.07604
1 0.85703 0.59792 0.03438 0.07083
1 0.37188 0.67604 0.03281 0.07708
1 0.34492 0.59740 0.03672 0.07187
1 0.54727 0.83802 0.03359 0.07396
1 0.34453 0.25260 0.03438 0.07812
1 0.27930 0.34115 0.03203 0.07604
1 0.34922 0.76146 0.03125 0.07292
1 0.76758 0.59115 0.03516 0.07396
1 0.17578 0.50677 0.03281 0.08021
1 0.66367 0.50885 0.03047 0.07187
1 0.56914 0.58698 0.03359 0.07187
1 0.76641 0.84583 0.03125 0.06875
1 0.15781 0.34115 0.03594 0.08229
1 0.34180 0.67760 0.03203 0.08021
1 0.47656 0.43438 0.03281 0.07500
1 0.37969 0.76250 0.03125 0.06667
1 0.23984 0.51146 0.03438 0.06458
1 0.76914 0.91875 0.03359 0.06875
1 0.06445 0.77552 0.03047 0.07187
1 0.74180 0.26406 0.03359 0.06979
1 0.27383 0.51198 0.03516 0.05729
1 0.54609 0.26198 0.03281 0.06979
1 0.83242 0.34531 0.03516 0.07187
1 0.27734 0.16562 0.04688 0.08958
1 0.73281 0.59375 0.03594 0.07500
1 0.47773 0.67865 0.02891 0.07604
1 0.44922 0.67865 0.03125 0.07396
1 0.72969 0.76562 0.03594 0.07500
1 0.06641 0.15990 0.03438 0.07187
1 0.84102 0.25833 0.03203 0.07917
1 0.91875 0.59740 0.02969 0.07187
1 0.82383 0.68229 0.03359 0.07917
1 0.82578 0.76250 0.03125 0.06875
1 0.94609 0.76198 0.03438 0.07604
1 0.66914 0.76458 0.03203 0.06875
1 0.03828 0.33385 0.02969 0.06563
1 0.57539 0.51354 0.03672 0.07708
1 0.64531 0.18125 0.03594 0.08125
1 0.72227 0.67396 0.03203 0.08125
1 0.87031 0.26771 0.03125 0.07500
1 0.77773 0.17969 0.03203 0.07604
1 0.43984 0.59688 0.03281 0.07500
1 0.03984 0.50833 0.03281 0.07500
1 0.92188 0.67865 0.03438 0.07396
1 0.85742 0.68125 0.03516 0.07500
1 0.03789 0.76823 0.02891 0.06979
1 0.91953 0.92188 0.03281 0.06875
1 0.38047 0.59688 0.03438 0.07083
1 0.74492 0.18281 0.03516 0.07604
1 0.66797 0.91823 0.03750 0.06771
1 0.57227 0.34427 0.03516 0.07812
1 0.57500 0.26302 0.02969 0.06979
1 0.94531 0.59792 0.02969 0.07083
1 0.63750 0.75833 0.03438 0.07917
1 0.77383 0.26510 0.03047 0.07396
1 0.66914 0.84531 0.03359 0.06771
1 0.16758 0.85729 0.03359 0.07083
1 0.73594 0.83802 0.03125 0.06563
1 0.28125 0.68021 0.03281 0.06042
1 0.47539 0.51146 0.03203 0.07500
1 0.85430 0.92552 0.03359 0.07187
1 0.86602 0.35000 0.03359 0.06875
1 0.95898 0.35313 0.03203 0.06875
1 0.91484 0.76458 0.03281 0.07708
1 0.57773 0.17604 0.03047 0.08125
1 0.62539 0.67708 0.03516 0.06875
1 0.06953 0.33698 0.03438 0.07187
1 0.54336 0.67344 0.03203 0.07187
1 0.63672 0.58698 0.02969 0.06979
1 0.63789 0.84688 0.03047 0.06875
1 0.67891 0.17760 0.03594 0.07812
1 0.13633 0.60156 0.03359 0.06771
1 0.93867 0.18594 0.03984 0.08646
1 0.67539 0.26510 0.02891 0.06771
1 0.86641 0.18073 0.03438 0.07604
1 0.66289 0.58646 0.02891 0.06875
1 0.24141 0.93281 0.03750 0.06354
1 0.73008 0.34635 0.03828 0.07604
1 0.96797 0.17917 0.03281 0.07292
1 0.94180 0.43021 0.03203 0.08333
1 0.95625 0.68281 0.03438 0.06979
1 0.57383 0.67917 0.03203 0.07083
1 0.96016 0.26823 0.03281 0.06563
1 0.93008 0.26667 0.03203 0.06667
1 0.91563 0.42969 0.03281 0.08438
1 0.13711 0.85677 0.03203 0.07396
1 0.03867 0.16667 0.02578 0.06875
1 0.83516 0.17969 0.03281 0.07396
1 0.76445 0.34896 0.03672 0.07708
1 0.03359 0.68490 0.03906 0.07604
1 0.02852 0.59896 0.03828 0.08542
1 0.06563 0.60260 0.04219 0.08229
1 0.14727 0.50208 0.03047 0.07708
1 0.13594 0.41667 0.03438 0.07500
1 0.07070 0.42188 0.03672 0.07708
1 0.03672 0.42344 0.03438 0.07812
1 0.04023 0.25729 0.03203 0.07708
1 0.06992 0.25521 0.03516 0.08125
1 0.13984 0.25052 0.04063 0.09479
1 0.17773 0.25208 0.04141 0.09167
1 0.25078 0.25885 0.03281 0.08229
1 0.28477 0.25625 0.03672 0.08333
1 0.34609 0.34531 0.03281 0.07812
1 0.37578 0.34271 0.03125 0.07708
1 0.46680 0.35156 0.03672 0.08438
1 0.54336 0.43385 0.03203 0.07396
1 0.57188 0.43281 0.03125 0.07396
1 0.63203 0.42552 0.03750 0.07187
1 0.66523 0.43125 0.03359 0.06875
1 0.73633 0.42656 0.03047 0.06979
1 0.76641 0.43125 0.03125 0.07292
1 0.76641 0.51198 0.03594 0.07604
1 0.82422 0.50313 0.03438 0.07708
1 0.85859 0.50938 0.03750 0.08125
1 0.92500 0.51406 0.03125 0.07396
1 0.95000 0.51302 0.02813 0.07812
