1 0.26758 0.84115 0.04141 0.08854
1 0.26680 0.92812 0.03828 0.07708
1 0.63906 0.82448 0.03594 0.07187
1 0.20000 0.93750 0.03750 0.07083
1 0.11719 0.93490 0.03750 0.07187
1 0.17070 0.86198 0.03984 0.07812
1 0.29805 0.76719 0.03672 0.07396
1 0.20703 0.85573 0.03438 0.07812
1 0.40000 0.83073 0.03594 0.08229
1 0.36992 0.92135 0.03359 0.07812
1 0.36562 0.75625 0.03125 0.06667
1 0.30586 0.84635 0.03828 0.08021
1 0.16562 0.93437 0.03594 0.06667
1 0.39844 0.75469 0.03438 0.06563
1 0.06719 0.52240 0.03438 0.06771
1 0.36484 0.83333 0.03281 0.08125
1 0.07305 0.93437 0.03516 0.07083
1 0.30195 0.92135 0.03984 0.07812
1 0.39492 0.93021 0.02422 0.06458
0 0.95625 0.17917 0.03281 0.06875
0 0.86211 0.18542 0.02891 0.07083
0 0.83242 0.18594 0.02891 0.07187
0 0.35156 0.19583 0.03281 0.06667
0 0.20039 0.19271 0.03828 0.07708
0 0.26406 0.17813 0.03750 0.07708
0 0.29922 0.17240 0.03906 0.08021
1 0.86250 0.26198 0.03281 0.06979
1 0.78125 0.26458 0.03438 0.06250
0 0.76055 0.18177 0.03516 0.08021
0 0.72969 0.17969 0.03125 0.07604
0 0.09062 0.27083 0.03906 0.07917
0 0.08711 0.18906 0.03359 0.07604
0 0.15508 0.18698 0.03828 0.07812
1 0.64336 0.26406 0.02891 0.07187
0 0.46094 0.19323 0.04063 0.08021
0 0.39414 0.18958 0.03828 0.07917
0 0.09336 0.36406 0.03203 0.07396
0 0.19453 0.26979 0.03906 0.07708
0 0.37656 0.27969 0.03281 0.07187
0 0.15937 0.27813 0.03906 0.07500
0 0.27109 0.35000 0.03750 0.06667
0 0.29531 0.28177 0.03750 0.07187
0 0.25742 0.27448 0.03672 0.07812
0 0.16172 0.35365 0.03125 0.07187
0 0.19570 0.35677 0.03672 0.07187
1 0.67227 0.26458 0.03359 0.07292
1 0.58477 0.26615 0.03359 0.07812
1 0.48125 0.27865 0.03281 0.07396
0 0.95430 0.42812 0.03359 0.06875
0 0.92617 0.18385 0.03359 0.06771
1 0.83320 0.26198 0.03203 0.06771
1 0.74297 0.25990 0.03906 0.06979
1 0.26562 0.76302 0.03281 0.06979
0 0.20234 0.43750 0.03281 0.06667
0 0.06367 0.36198 0.02891 0.07396
0 0.16953 0.43854 0.03594 0.07083
0 0.10430 0.43594 0.03828 0.08021
0 0.30547 0.52448 0.03594 0.07604
0 0.26992 0.51823 0.03672 0.07604
0 0.26758 0.43802 0.04141 0.08229
0 0.30586 0.44427 0.03828 0.08229
0 0.92422 0.42292 0.02969 0.06875
1 0.55820 0.43594 0.03516 0.06979
1 0.86758 0.50260 0.03203 0.06563
1 0.83633 0.49688 0.03047 0.06667
1 0.86719 0.66354 0.04063 0.06667
0 0.85195 0.58229 0.03203 0.07292
1 0.65234 0.43229 0.03438 0.06458
1 0.48359 0.42604 0.03438 0.06458
1 0.38867 0.34792 0.03047 0.07292
1 0.35977 0.35417 0.03047 0.06458
0 0.30625 0.35417 0.03438 0.07083
1 0.44961 0.34844 0.03203 0.06771
1 0.48164 0.36354 0.03359 0.06042
0 0.91523 0.26615 0.03047 0.06771
1 0.95664 0.58802 0.03828 0.07812
1 0.06094 0.61042 0.03438 0.07292
1 0.09336 0.60521 0.03828 0.07708
1 0.17227 0.61615 0.03047 0.06979
0 0.39258 0.67917 0.03203 0.07292
1 0.20234 0.60260 0.03125 0.06771
1 0.19961 0.52292 0.04141 0.07917
1 0.16328 0.52552 0.03906 0.07604
1 0.10000 0.51562 0.03750 0.07917
1 0.27383 0.60313 0.03828 0.07500
1 0.30977 0.60260 0.03359 0.07187
0 0.77266 0.42552 0.03438 0.05729
0 0.39492 0.52552 0.03516 0.07187
0 0.38633 0.43438 0.03359 0.07500
1 0.57656 0.51198 0.03281 0.07812
0 0.49141 0.50833 0.03594 0.07500
0 0.45664 0.51458 0.03516 0.07083
1 0.44961 0.44167 0.03672 0.07083
0 0.35508 0.43333 0.03359 0.07708
0 0.36328 0.51927 0.03281 0.07604
0 0.59766 0.58698 0.03438 0.07396
0 0.74336 0.43333 0.03203 0.07083
1 0.68320 0.42865 0.03203 0.06771
1 0.63086 0.50729 0.03672 0.06875
1 0.54336 0.51719 0.03359 0.07604
0 0.37422 0.59635 0.03750 0.06979
0 0.36094 0.67917 0.03125 0.06250
0 0.26250 0.68229 0.03594 0.07917
0 0.17070 0.68958 0.03516 0.07708
0 0.20430 0.69479 0.03516 0.07708
0 0.20156 0.77083 0.04063 0.06875
0 0.11484 0.77240 0.03125 0.06771
0 0.10547 0.69583 0.03906 0.08333
0 0.11055 0.85729 0.03984 0.08542
0 0.07266 0.77604 0.03438 0.07708
0 0.06992 0.68594 0.03672 0.07604
0 0.16055 0.77344 0.03984 0.07187
0 0.29883 0.68333 0.04141 0.08333
1 0.95625 0.66458 0.03906 0.06667
1 0.76211 0.89948 0.03047 0.06563
1 0.73359 0.90156 0.02969 0.06771
0 0.07500 0.85729 0.03906 0.08333
1 0.58047 0.75156 0.03125 0.05104
1 0.49258 0.83333 0.03516 0.06875
0 0.46523 0.91823 0.03047 0.07396
1 0.58125 0.82760 0.03906 0.08229
1 0.54297 0.82708 0.03906 0.08542
1 0.54727 0.74583 0.03359 0.06875
1 0.67344 0.74635 0.03281 0.07187
1 0.64023 0.75104 0.03359 0.07292
0 0.45273 0.67865 0.03516 0.06146
0 0.83477 0.90312 0.03203 0.06458
1 0.76875 0.82396 0.03594 0.07500
1 0.83008 0.74635 0.03828 0.06563
0 0.86406 0.89948 0.02656 0.06354
1 0.86602 0.82552 0.03828 0.08021
1 0.82852 0.82292 0.03828 0.08333
1 0.76719 0.75000 0.03438 0.07292
0 0.56484 0.59010 0.03750 0.06771
0 0.49609 0.58906 0.03281 0.06979
0 0.46680 0.59115 0.03203 0.06563
0 0.49297 0.66823 0.03750 0.06979
1 0.64102 0.66719 0.03828 0.07187
1 0.67695 0.66875 0.03672 0.07292
0 0.82188 0.58281 0.03281 0.07396
0 0.91719 0.89844 0.03281 0.06563
1 0.91758 0.81979 0.03984 0.07917
1 0.86562 0.74062 0.03125 0.06250
1 0.82891 0.66927 0.03594 0.07396
1 0.66758 0.50885 0.03516 0.06563
1 0.54922 0.34948 0.03281 0.08229
1 0.55781 0.25938 0.03281 0.07708
0 0.55703 0.18490 0.03438 0.07187
0 0.58906 0.18177 0.02969 0.06979
0 0.63359 0.18542 0.03438 0.07083
0 0.67031 0.18229 0.03906 0.07292
1 0.45156 0.27552 0.03125 0.07187
1 0.95781 0.81823 0.04219 0.08021
1 0.96016 0.74531 0.03438 0.07812
1 0.92617 0.74531 0.03516 0.08021
1 0.91758 0.65885 0.03984 0.07396
1 0.91992 0.58177 0.03828 0.07604
1 0.92695 0.50260 0.03203 0.06146
1 0.95898 0.50938 0.03203 0.06250
1 0.64062 0.35052 0.03281 0.06979
1 0.58203 0.35156 0.03594 0.08021
1 0.58789 0.43177 0.03203 0.06979
1 0.67266 0.34844 0.03594 0.07187
1 0.73438 0.34896 0.03125 0.07083
1 0.76602 0.35000 0.03047 0.06875
0 0.82734 0.34792 0.03125 0.07500
0 0.92422 0.34740 0.03281 0.07396
0 0.95508 0.34583 0.03203 0.07708
0 0.94531 0.26719 0.03438 0.06979
0 0.67734 0.58854 0.03594 0.07917
0 0.64062 0.59010 0.03750 0.07396
0 0.58359 0.68229 0.03594 0.07083
0 0.55195 0.67188 0.02891 0.06458
1 0.49141 0.75156 0.03281 0.06979
1 0.45820 0.75052 0.03516 0.06979
1 0.45703 0.83906 0.03594 0.06771
0 0.49609 0.91458 0.03281 0.07708
0 0.54648 0.91615 0.03359 0.06563
0 0.59180 0.91406 0.03516 0.06354
1 0.64414 0.90417 0.03203 0.05625
1 0.68047 0.90000 0.03906 0.07083
0 0.95508 0.88854 0.03828 0.06042
1 0.67227 0.82865 0.03984 0.06563
1 0.73438 0.81979 0.03438 0.07083
1 0.73438 0.74531 0.03594 0.07187
0 0.74375 0.66667 0.03125 0.05833
0 0.77617 0.66302 0.03516 0.06979
0 0.77031 0.58229 0.03750 0.07500
0 0.73398 0.57656 0.03828 0.08229
0 0.72969 0.50052 0.03438 0.06979
0 0.76094 0.50000 0.03125 0.07292
1 0.82305 0.42865 0.03047 0.06771
1 0.85547 0.42083 0.03281 0.06458
0 0.85742 0.34844 0.03203 0.06771
0 0.06484 0.45000 0.04063 0.08125
0 0.05391 0.27604 0.03594 0.07917
0 0.05508 0.18021 0.03359 0.07917
