1 0.12344 0.53281 0.03594 0.07396
1 0.31992 0.68646 0.03516 0.06875
1 0.14961 0.77656 0.03516 0.07187
1 0.93008 0.65990 0.03516 0.06979
1 0.31094 0.92083 0.03281 0.06458
1 0.11641 0.85417 0.03125 0.07083
1 0.52383 0.91042 0.03672 0.07708
1 0.34375 0.92188 0.03281 0.06875
1 0.43008 0.84062 0.03359 0.06875
1 0.43906 0.92500 0.03438 0.07292
1 0.40508 0.93073 0.03516 0.07187
1 0.14492 0.61719 0.03359 0.07187
1 0.15234 0.84688 0.03438 0.06458
1 0.39922 0.84062 0.03125 0.06875
1 0.69648 0.90781 0.03203 0.06979
1 0.69453 0.82500 0.03281 0.06458
1 0.66406 0.82031 0.03125 0.06563
1 0.24414 0.93229 0.03359 0.07292
1 0.76992 0.83281 0.03672 0.07396
1 0.21133 0.92969 0.03203 0.06563
1 0.59922 0.90260 0.03438 0.07396
1 0.14961 0.93542 0.03828 0.07500
1 0.76797 0.90469 0.03125 0.06354
1 0.10781 0.69844 0.03438 0.06354
1 0.11133 0.61458 0.03203 0.07292
1 0.40156 0.75938 0.02969 0.06875
1 0.11719 0.78177 0.03281 0.06979
1 0.40234 0.67917 0.03125 0.07292
1 0.66836 0.90990 0.02891 0.05937
1 0.48711 0.91198 0.03828 0.07812
1 0.11641 0.93177 0.02969 0.06354
1 0.80586 0.90052 0.03047 0.06354
1 0.92539 0.20312 0.03516 0.08333
0 0.86992 0.19844 0.03516 0.06771
0 0.83789 0.19948 0.03047 0.06979
1 0.78320 0.19948 0.03047 0.07187
1 0.75391 0.20260 0.03281 0.07812
1 0.69570 0.19844 0.03203 0.06563
1 0.33086 0.19896 0.03516 0.07292
1 0.38750 0.21198 0.02969 0.07396
1 0.93672 0.90052 0.02969 0.06771
1 0.96445 0.89687 0.02734 0.06458
1 0.61289 0.37552 0.04922 0.05521
1 0.78906 0.27760 0.03281 0.06354
1 0.75586 0.36198 0.03203 0.07396
0 0.93477 0.35052 0.02891 0.07396
1 0.41797 0.20625 0.03281 0.07500
1 0.68359 0.44740 0.03438 0.07187
1 0.88516 0.66406 0.03438 0.06979
1 0.96094 0.73802 0.03438 0.07187
1 0.96289 0.65260 0.03047 0.07396
1 0.94766 0.57760 0.03594 0.07396
1 0.66641 0.19792 0.02969 0.06458
0 0.10430 0.45729 0.03516 0.07708
0 0.13906 0.45104 0.03750 0.07500
0 0.14023 0.20625 0.03359 0.07083
0 0.10781 0.21354 0.03438 0.07292
1 0.49922 0.21302 0.03438 0.06771
1 0.19531 0.22500 0.03750 0.08542
1 0.78359 0.36406 0.02969 0.06563
1 0.67734 0.28385 0.03281 0.06771
1 0.60781 0.19896 0.03594 0.07292
1 0.57422 0.20104 0.03281 0.07500
1 0.14492 0.69479 0.03984 0.06458
1 0.23359 0.53594 0.03594 0.07396
1 0.10391 0.37083 0.03750 0.07708
0 0.96289 0.36406 0.03672 0.07396
0 0.95820 0.43594 0.03828 0.06563
0 0.92109 0.43646 0.03594 0.07083
1 0.85508 0.51146 0.03359 0.06875
1 0.69219 0.36615 0.03750 0.06979
1 0.56953 0.28437 0.03750 0.07708
1 0.29453 0.20885 0.03750 0.06979
1 0.75117 0.43646 0.03516 0.06458
1 0.78281 0.43906 0.02969 0.05312
1 0.88633 0.50313 0.03359 0.07083
0 0.92969 0.51510 0.03438 0.06354
1 0.65547 0.35833 0.03750 0.07292
1 0.57266 0.36406 0.03438 0.06979
1 0.48086 0.29531 0.03047 0.05937
0 0.96172 0.51094 0.02969 0.06771
0 0.87578 0.58854 0.03594 0.06875
1 0.78242 0.59323 0.03203 0.06979
1 0.39062 0.37969 0.03438 0.06563
0 0.84180 0.58958 0.03516 0.06458
1 0.33086 0.37083 0.03516 0.06875
1 0.52266 0.59688 0.03750 0.07083
1 0.42539 0.53073 0.03359 0.06563
1 0.92969 0.73698 0.03125 0.06979
1 0.42812 0.76146 0.03125 0.06667
1 0.24727 0.77187 0.03672 0.07292
1 0.24180 0.68958 0.03359 0.07083
0 0.19766 0.45208 0.03438 0.06667
1 0.20078 0.61094 0.03125 0.06771
0 0.24961 0.84896 0.03828 0.06458
1 0.21094 0.77292 0.03438 0.07083
1 0.20391 0.69635 0.03438 0.06563
0 0.21680 0.85313 0.03359 0.06042
1 0.30586 0.76458 0.03359 0.07083
1 0.23320 0.61562 0.03359 0.06667
1 0.19883 0.53385 0.03203 0.07396
1 0.13828 0.37708 0.03438 0.07083
0 0.23164 0.44844 0.03047 0.06146
0 0.29609 0.52396 0.03594 0.07292
1 0.29922 0.60156 0.03125 0.07187
0 0.31133 0.84844 0.02891 0.06563
1 0.33867 0.76250 0.03203 0.07083
1 0.33008 0.59688 0.03203 0.06875
1 0.75000 0.51667 0.03750 0.07292
1 0.87187 0.41823 0.03281 0.06146
1 0.87891 0.34896 0.03438 0.06458
1 0.84609 0.35573 0.03438 0.06771
1 0.84336 0.42708 0.03203 0.05625
1 0.78711 0.50885 0.04141 0.08229
0 0.61836 0.75573 0.03359 0.06979
0 0.34063 0.84740 0.03125 0.06563
0 0.58594 0.75521 0.03281 0.07083
1 0.39375 0.52500 0.03125 0.06250
1 0.43359 0.68385 0.03281 0.07604
1 0.49297 0.75052 0.03281 0.06563
1 0.48164 0.82812 0.03828 0.06667
1 0.51875 0.83177 0.03906 0.06771
0 0.60898 0.83021 0.03359 0.06667
1 0.52539 0.75625 0.03203 0.06667
0 0.49961 0.67396 0.03984 0.08750
1 0.42734 0.60781 0.03594 0.07187
1 0.38984 0.60729 0.03750 0.07083
0 0.32969 0.51823 0.03438 0.06979
0 0.57695 0.82708 0.03203 0.06667
1 0.84102 0.66615 0.03516 0.07187
1 0.75352 0.59219 0.03203 0.06771
1 0.67812 0.51719 0.03438 0.06771
0 0.61016 0.44531 0.03281 0.06979
0 0.58125 0.44375 0.03281 0.07083
0 0.52305 0.36667 0.03984 0.07083
1 0.87500 0.73125 0.03281 0.06667
0 0.93164 0.81615 0.03672 0.07396
1 0.84414 0.73542 0.03203 0.06875
1 0.78789 0.67604 0.02891 0.06875
1 0.70000 0.59531 0.03125 0.06979
1 0.50977 0.52344 0.03203 0.06563
0 0.96445 0.82240 0.03203 0.06771
1 0.33125 0.44062 0.03125 0.06667
1 0.47891 0.52187 0.03125 0.06667
1 0.57695 0.60104 0.03203 0.06458
0 0.88203 0.81563 0.03594 0.06250
1 0.75977 0.67969 0.03047 0.06354
1 0.42461 0.45312 0.03516 0.07083
1 0.30156 0.44740 0.02969 0.06354
1 0.23086 0.22031 0.03672 0.08021
1 0.19570 0.37552 0.03516 0.08021
1 0.22969 0.37760 0.03594 0.07604
1 0.29336 0.36510 0.03672 0.07187
1 0.39414 0.45833 0.03359 0.06667
1 0.48516 0.59271 0.03750 0.06875
0 0.57891 0.67240 0.02969 0.06979
0 0.60859 0.67240 0.03125 0.06146
1 0.65430 0.67188 0.03203 0.06667
0 0.66367 0.74792 0.03203 0.07083
0 0.69609 0.74740 0.03594 0.07396
0 0.88203 0.88750 0.03594 0.07083
0 0.84414 0.81927 0.03672 0.06979
1 0.80547 0.82969 0.03750 0.06979
1 0.78672 0.75938 0.03281 0.06875
1 0.75664 0.75625 0.03203 0.07083
1 0.68711 0.67240 0.03672 0.06771
1 0.66953 0.59583 0.03281 0.07292
1 0.60781 0.60208 0.03281 0.06667
1 0.58984 0.52187 0.03125 0.06042
1 0.51758 0.44271 0.03203 0.07292
1 0.48906 0.44167 0.03125 0.06667
0 0.48203 0.36719 0.03438 0.07187
1 0.42773 0.36979 0.03672 0.06250
0 0.38359 0.29010 0.03281 0.05937
1 0.32344 0.28594 0.03594 0.08021
0 0.23438 0.29896 0.03281 0.06875
1 0.10391 0.29010 0.02969 0.06979
1 0.13477 0.29271 0.03359 0.07708
0 0.19805 0.29896 0.03516 0.05833
1 0.29258 0.29271 0.03359 0.07708
0 0.41758 0.29219 0.03359 0.06146
1 0.50898 0.29375 0.03203 0.06250
1 0.60352 0.29323 0.03672 0.07604
1 0.75703 0.28333 0.03281 0.06667
1 0.83203 0.28021 0.03594 0.07083
1 0.86797 0.27604 0.03594 0.07083
0 0.93242 0.27760 0.03047 0.05729
0 0.96758 0.28021 0.03203 0.05833
0 0.84805 0.89167 0.03516 0.06875
1 0.96016 0.20417 0.03906 0.08750
