1 0.22422 0.92760 0.02656 0.06146
1 0.95898 0.83073 0.03047 0.06771
1 0.09961 0.85104 0.02891 0.06875
1 0.28945 0.92188 0.02891 0.06667
1 0.86094 0.75833 0.03125 0.06667
1 0.18320 0.84688 0.02734 0.06458
1 0.13086 0.93021 0.02891 0.06250
1 0.93047 0.83125 0.03125 0.06875
1 0.18359 0.77552 0.03438 0.06563
1 0.12891 0.85208 0.03125 0.06458
1 0.92695 0.90677 0.02734 0.05729
1 0.10352 0.93177 0.02891 0.06354
1 0.08672 0.77865 0.02813 0.06979
1 0.57109 0.83385 0.03281 0.06563
1 0.95430 0.75677 0.03047 0.05521
1 0.86562 0.90156 0.03281 0.05937
1 0.55820 0.90625 0.03047 0.06042
1 0.31680 0.92083 0.02891 0.06458
1 0.58945 0.90781 0.03047 0.06354
1 0.11602 0.77031 0.03203 0.06354
1 0.95234 0.90052 0.02813 0.06354
1 0.92578 0.75208 0.02813 0.05833
1 0.74141 0.28385 0.02813 0.06354
1 0.73867 0.44375 0.03359 0.07292
0 0.68555 0.29010 0.03047 0.06563
1 0.68477 0.36615 0.03047 0.06979
1 0.47031 0.20104 0.03438 0.07708
1 0.77422 0.36146 0.02813 0.06667
1 0.76719 0.28229 0.02969 0.06875
0 0.57500 0.21094 0.03281 0.06979
1 0.49961 0.20781 0.03359 0.07812
0 0.41953 0.19062 0.03125 0.05417
0 0.86250 0.42969 0.03281 0.06979
1 0.49141 0.28698 0.03281 0.07396
1 0.40898 0.52240 0.03047 0.06146
0 0.47891 0.51927 0.02969 0.07187
1 0.91719 0.51458 0.03125 0.06250
0 0.09492 0.52760 0.02891 0.05729
0 0.09180 0.69688 0.03047 0.06875
0 0.11953 0.69792 0.03125 0.07083
0 0.37852 0.19896 0.03359 0.06875
1 0.56133 0.51875 0.03047 0.07083
0 0.49844 0.44115 0.03438 0.07604
1 0.31211 0.28906 0.03359 0.07187
0 0.46719 0.44062 0.03125 0.07083
0 0.86641 0.68021 0.03594 0.07083
0 0.92109 0.67031 0.03594 0.07396
1 0.67773 0.43854 0.03047 0.06667
0 0.40547 0.28333 0.03125 0.07083
1 0.46016 0.28437 0.03125 0.07500
1 0.21016 0.84792 0.02969 0.06458
0 0.95195 0.67396 0.03047 0.06875
0 0.32070 0.76927 0.03047 0.06771
1 0.64648 0.82396 0.03516 0.06250
1 0.46367 0.67031 0.03047 0.06146
0 0.56602 0.75260 0.02734 0.06354
1 0.38164 0.52656 0.03047 0.05937
1 0.18438 0.28125 0.03438 0.07083
0 0.16836 0.19427 0.03359 0.07604
1 0.27969 0.28542 0.03281 0.07292
1 0.55625 0.59948 0.03281 0.06979
0 0.11641 0.21146 0.03281 0.08125
0 0.08750 0.20417 0.03125 0.07917
1 0.21992 0.28073 0.03359 0.06979
0 0.38438 0.36875 0.03125 0.07083
0 0.37422 0.28958 0.03125 0.07083
1 0.31875 0.19896 0.03438 0.07917
1 0.28359 0.19687 0.03594 0.07708
0 0.20156 0.20208 0.03750 0.07500
0 0.55312 0.44896 0.02969 0.06667
0 0.57969 0.44531 0.02813 0.05937
1 0.68008 0.51719 0.03047 0.06146
0 0.73594 0.52448 0.02969 0.06563
0 0.77305 0.67240 0.03203 0.06563
1 0.86602 0.58958 0.03203 0.07083
0 0.95312 0.43594 0.02500 0.05312
1 0.86016 0.51042 0.02813 0.06042
0 0.67812 0.59688 0.03438 0.06667
1 0.19844 0.92969 0.02969 0.06771
1 0.21172 0.51510 0.03125 0.06354
0 0.29258 0.76719 0.02891 0.06354
1 0.38008 0.67031 0.03047 0.06354
1 0.28594 0.59896 0.03125 0.06875
1 0.47969 0.75625 0.02969 0.06042
1 0.41016 0.67344 0.03125 0.06563
1 0.31758 0.59792 0.03203 0.06875
0 0.47148 0.83490 0.03359 0.05521
1 0.08984 0.44844 0.02656 0.06979
1 0.07852 0.36562 0.02891 0.06458
1 0.77578 0.82552 0.02500 0.05521
1 0.38125 0.44583 0.03125 0.07083
1 0.30430 0.36979 0.03203 0.06250
0 0.87109 0.83229 0.02813 0.06667
0 0.64805 0.68125 0.03047 0.06667
0 0.50586 0.53229 0.02734 0.05625
1 0.31875 0.44219 0.03125 0.05937
1 0.28633 0.44688 0.03359 0.06875
1 0.46445 0.60781 0.03203 0.05937
1 0.76914 0.74427 0.02891 0.06146
1 0.49336 0.66927 0.03203 0.06354
1 0.40430 0.60104 0.03047 0.06458
0 0.18828 0.44115 0.02813 0.05937
1 0.49688 0.60260 0.03281 0.06146
0 0.56563 0.67760 0.03281 0.06979
0 0.65938 0.75469 0.03125 0.06563
1 0.37578 0.60156 0.02813 0.06354
1 0.31562 0.51927 0.02969 0.06146
1 0.28477 0.52240 0.02734 0.05521
0 0.21797 0.44271 0.03125 0.06042
0 0.17656 0.35833 0.03125 0.07500
0 0.20703 0.36562 0.03438 0.07083
1 0.27109 0.36875 0.03438 0.06667
0 0.56250 0.36510 0.02969 0.06771
1 0.74805 0.36406 0.02734 0.06563
0 0.86016 0.35990 0.02813 0.06146
0 0.75000 0.90625 0.02813 0.06667
1 0.83477 0.19479 0.03203 0.06875
0 0.56211 0.28854 0.03047 0.06875
1 0.49336 0.36146 0.02891 0.05833
1 0.46875 0.36667 0.02813 0.06667
0 0.41094 0.37396 0.02656 0.05833
1 0.40937 0.44688 0.03125 0.07292
0 0.31875 0.85052 0.03281 0.06563
0 0.28633 0.84948 0.03047 0.06563
1 0.21797 0.77083 0.03281 0.06875
0 0.20586 0.61198 0.02266 0.06563
0 0.18672 0.61042 0.02344 0.06250
1 0.18398 0.51719 0.02734 0.06146
0 0.09844 0.27917 0.03438 0.07292
1 0.10469 0.36667 0.02813 0.06458
1 0.11797 0.44844 0.03125 0.06979
0 0.12266 0.52917 0.03125 0.06250
1 0.09766 0.61198 0.03438 0.06563
1 0.18438 0.69323 0.03281 0.06563
1 0.21563 0.69063 0.03125 0.06250
1 0.28750 0.68906 0.03281 0.08229
1 0.32109 0.68646 0.03438 0.06667
0 0.37578 0.75313 0.03125 0.06250
0 0.40664 0.75052 0.03203 0.06771
0 0.38711 0.83646 0.03516 0.06667
1 0.39102 0.92031 0.02891 0.06354
1 0.47656 0.91458 0.02969 0.06250
1 0.50742 0.91615 0.03203 0.06563
0 0.50469 0.83437 0.03281 0.06458
1 0.50664 0.75833 0.02891 0.06458
0 0.59102 0.28750 0.03047 0.07292
0 0.59180 0.36823 0.03672 0.07396
1 0.59180 0.52292 0.03203 0.06875
1 0.58633 0.59740 0.03203 0.06771
0 0.59805 0.66875 0.03516 0.07292
0 0.59258 0.75052 0.02891 0.05937
1 0.65664 0.91094 0.03047 0.07187
1 0.68437 0.91042 0.02969 0.06667
1 0.67891 0.83698 0.03281 0.06563
0 0.68867 0.75313 0.03047 0.06458
0 0.67617 0.67760 0.02734 0.06354
0 0.64687 0.59844 0.03281 0.06979
1 0.65156 0.52083 0.02656 0.06042
1 0.64766 0.44844 0.03281 0.07396
1 0.65742 0.36875 0.03203 0.07500
0 0.65664 0.29010 0.03047 0.05937
1 0.66953 0.19844 0.03594 0.08021
0 0.74414 0.20052 0.03047 0.06771
0 0.77031 0.20104 0.02813 0.06458
1 0.77187 0.44167 0.03594 0.06458
0 0.76641 0.52396 0.03281 0.06250
1 0.77500 0.59635 0.03750 0.06771
1 0.74531 0.60156 0.03281 0.06979
0 0.74336 0.67656 0.03047 0.06146
1 0.74141 0.74115 0.02813 0.05937
1 0.74961 0.82552 0.03047 0.06146
0 0.77461 0.90833 0.02734 0.06458
1 0.83516 0.89948 0.02969 0.06146
0 0.84258 0.83177 0.03203 0.06771
1 0.83242 0.75833 0.03359 0.06667
0 0.83008 0.67969 0.03672 0.06771
1 0.83828 0.59427 0.02500 0.05729
1 0.83516 0.51510 0.02656 0.05937
0 0.83359 0.43281 0.03281 0.06979
0 0.83437 0.36146 0.02969 0.06250
0 0.83672 0.28177 0.03125 0.06771
0 0.86953 0.27760 0.03438 0.06354
1 0.86289 0.19740 0.02891 0.06354
0 0.96211 0.20052 0.02734 0.05937
1 0.95234 0.27760 0.02969 0.06979
1 0.95898 0.36302 0.03984 0.07396
0 0.93555 0.59948 0.03203 0.06563
1 0.94766 0.51615 0.03125 0.06354
0 0.92500 0.43906 0.02813 0.05312
1 0.92266 0.36250 0.03750 0.06875
1 0.91992 0.28177 0.03516 0.06563
0 0.93398 0.19323 0.03047 0.05937
