1 0.85117 0.93437 0.03047 0.07292
1 0.88086 0.93281 0.03359 0.07396
1 0.98828 0.02187 0.02344 0.04375
1 0.20898 0.95365 0.03672 0.07604
1 0.40039 0.95521 0.03672 0.08542
1 0.26367 0.95885 0.03672 0.08229
1 0.17344 0.95625 0.03594 0.07708
1 0.47617 0.94427 0.03047 0.07396
1 0.29844 0.95625 0.03750 0.08125
0 0.65078 0.20208 0.03906 0.07500
0 0.78359 0.28385 0.04219 0.07187
0 0.49336 0.20469 0.03516 0.08646
0 0.55703 0.19635 0.03750 0.09062
0 0.59141 0.20260 0.03906 0.08646
0 0.65430 0.28437 0.03359 0.07292
0 0.68398 0.28698 0.03047 0.06979
0 0.74531 0.28698 0.03594 0.07396
0 0.88242 0.36927 0.03516 0.07396
0 0.86797 0.19740 0.03594 0.08021
0 0.83516 0.20781 0.03281 0.08438
0 0.78008 0.19844 0.03516 0.08021
0 0.74453 0.19792 0.03906 0.08125
0 0.68789 0.20677 0.03984 0.08438
1 0.58906 0.28646 0.03594 0.08125
0 0.93477 0.20677 0.03672 0.09062
0 0.88516 0.28125 0.04063 0.06667
0 0.84570 0.28073 0.03672 0.06979
1 0.55586 0.29323 0.03672 0.08646
0 0.84648 0.45781 0.03047 0.07187
0 0.78477 0.44688 0.03828 0.07917
0 0.96797 0.52760 0.02969 0.06979
1 0.65898 0.36615 0.03203 0.07396
0 0.74687 0.44583 0.04219 0.08333
0 0.97813 0.61719 0.03594 0.08229
0 0.87305 0.45677 0.04766 0.06771
0 0.92695 0.38385 0.03984 0.06354
0 0.93906 0.29635 0.03125 0.06979
0 0.96953 0.29427 0.03281 0.07604
0 0.97070 0.20573 0.04141 0.08646
0 0.94023 0.52344 0.03047 0.06979
1 0.59219 0.36406 0.03438 0.07187
0 0.46328 0.20156 0.03281 0.08438
0 0.40039 0.20156 0.04453 0.09479
1 0.49141 0.28698 0.03125 0.06354
0 0.65391 0.44844 0.03438 0.06979
1 0.84766 0.53281 0.03125 0.07187
0 0.94336 0.60885 0.03984 0.08646
1 0.77305 0.52552 0.03203 0.07396
0 0.45977 0.36667 0.03359 0.07500
0 0.39375 0.78333 0.02813 0.07500
1 0.37383 0.69583 0.03359 0.07917
1 0.31797 0.62187 0.03594 0.07708
1 0.55937 0.36979 0.03281 0.07083
1 0.68711 0.36510 0.03047 0.07187
0 0.74609 0.36458 0.03281 0.07292
0 0.77852 0.36667 0.03359 0.07708
0 0.84609 0.37031 0.03594 0.07604
0 0.96523 0.37604 0.03516 0.06250
0 0.96641 0.44688 0.03125 0.07083
0 0.93828 0.44167 0.03281 0.07708
1 0.88047 0.52656 0.03594 0.07187
0 0.49258 0.36719 0.03359 0.07396
1 0.45820 0.29219 0.03203 0.06146
0 0.36250 0.20000 0.03594 0.08333
1 0.74375 0.53125 0.03125 0.07083
0 0.93594 0.69948 0.03281 0.07812
0 0.96758 0.69219 0.03359 0.08021
0 0.40469 0.29531 0.03594 0.06979
0 0.84258 0.60521 0.03516 0.07500
0 0.94453 0.77865 0.03594 0.06979
0 0.77891 0.60417 0.03594 0.07708
0 0.46953 0.45469 0.03281 0.07396
0 0.36992 0.29063 0.03516 0.07708
0 0.97891 0.77240 0.03438 0.07187
0 0.07617 0.79323 0.03516 0.08229
0 0.17305 0.79427 0.03203 0.07396
1 0.17188 0.63281 0.03594 0.07396
0 0.22461 0.86771 0.03828 0.06667
0 0.27422 0.87552 0.03438 0.07604
1 0.27891 0.69531 0.03125 0.07187
0 0.20977 0.46615 0.03672 0.06563
1 0.28516 0.53542 0.03281 0.07083
1 0.28281 0.61042 0.03750 0.07917
0 0.30469 0.79010 0.03906 0.08021
1 0.36797 0.95104 0.03594 0.08750
0 0.37188 0.78125 0.03438 0.07708
1 0.30742 0.69896 0.03203 0.07083
1 0.20898 0.54844 0.03359 0.07812
0 0.17344 0.46094 0.03438 0.07396
1 0.46797 0.53802 0.03438 0.07812
0 0.49766 0.69635 0.03438 0.07187
0 0.46992 0.86354 0.03672 0.08333
1 0.37422 0.45000 0.03281 0.06875
0 0.30234 0.20729 0.03594 0.08333
0 0.26875 0.20052 0.03594 0.07812
1 0.40508 0.69740 0.03516 0.07604
1 0.31602 0.54219 0.03047 0.06771
0 0.60547 0.76875 0.03438 0.07083
0 0.66406 0.52396 0.03125 0.06458
0 0.68945 0.53802 0.03047 0.06563
0 0.65859 0.84375 0.03438 0.06875
0 0.69805 0.60521 0.03672 0.06875
1 0.78086 0.93385 0.03047 0.06563
0 0.69453 0.84635 0.03281 0.06563
0 0.65859 0.77187 0.03281 0.07500
1 0.49922 0.53229 0.03281 0.07292
0 0.55312 0.44896 0.03281 0.06875
0 0.58477 0.44740 0.03359 0.06771
1 0.59375 0.52500 0.03594 0.07292
0 0.66406 0.60260 0.03438 0.07187
0 0.64961 0.68750 0.03359 0.07500
0 0.68633 0.76875 0.03203 0.07083
1 0.55547 0.68437 0.03594 0.07500
0 0.50859 0.61250 0.03594 0.07500
0 0.68516 0.44896 0.03281 0.07083
0 0.87734 0.60677 0.03594 0.07604
0 0.87461 0.68854 0.03672 0.07708
0 0.84102 0.68750 0.03359 0.07500
0 0.78594 0.85469 0.03594 0.07396
1 0.55547 0.53229 0.03750 0.07500
0 0.37148 0.37448 0.03828 0.08021
0 0.50156 0.45781 0.03281 0.07812
0 0.74336 0.60260 0.03672 0.07396
0 0.78477 0.68437 0.03984 0.07917
0 0.84297 0.76198 0.03750 0.06979
0 0.87969 0.76094 0.03594 0.07187
1 0.94453 0.86302 0.03750 0.07187
0 0.68203 0.69063 0.03438 0.07292
1 0.59141 0.69219 0.03594 0.07396
0 0.18438 0.87448 0.03906 0.06771
0 0.08125 0.88385 0.03750 0.07187
1 0.07422 0.70573 0.03438 0.08438
0 0.07187 0.95937 0.04063 0.08125
0 0.12148 0.87031 0.03516 0.07396
0 0.11563 0.79896 0.03594 0.07292
1 0.10742 0.70833 0.03672 0.08125
1 0.07187 0.62135 0.04531 0.09062
1 0.06406 0.37240 0.04375 0.09271
1 0.10820 0.37708 0.04453 0.09375
1 0.20664 0.63333 0.03672 0.08125
1 0.17656 0.54896 0.03906 0.07917
0 0.10469 0.46406 0.03750 0.08021
0 0.07539 0.45208 0.02891 0.06667
0 0.06719 0.54063 0.03438 0.06667
0 0.10508 0.54479 0.03984 0.06667
1 0.11094 0.62187 0.04375 0.08958
1 0.15586 0.70937 0.03672 0.07917
1 0.19219 0.70677 0.03906 0.07812
0 0.20898 0.79219 0.03672 0.07396
0 0.27070 0.79271 0.04141 0.08125
0 0.30703 0.87135 0.03125 0.06563
0 0.36133 0.86406 0.04453 0.07812
0 0.40117 0.86458 0.03828 0.07917
1 0.50742 0.93906 0.03203 0.07812
0 0.11016 0.96042 0.04219 0.07917
0 0.50508 0.86146 0.03516 0.07292
0 0.47383 0.77135 0.03984 0.08229
1 0.37344 0.61250 0.04063 0.08958
0 0.56328 0.94323 0.03594 0.08229
0 0.56719 0.84427 0.03438 0.06563
0 0.51055 0.77656 0.03828 0.08438
0 0.46680 0.69323 0.03203 0.07187
1 0.40977 0.61510 0.03984 0.08854
1 0.37812 0.52865 0.03906 0.08229
0 0.30938 0.44740 0.04063 0.08021
0 0.27383 0.36406 0.03516 0.07604
0 0.75273 0.85729 0.03359 0.07500
1 0.75117 0.93177 0.03047 0.06354
0 0.59883 0.94063 0.03828 0.08333
0 0.60195 0.83385 0.03359 0.06354
0 0.57109 0.76979 0.03750 0.07083
0 0.47578 0.61615 0.03438 0.07604
1 0.41719 0.52708 0.03906 0.08125
0 0.27031 0.44688 0.04063 0.08333
1 0.22344 0.38490 0.03906 0.08646
1 0.17813 0.38125 0.04063 0.08333
0 0.10820 0.28698 0.03828 0.07187
0 0.07109 0.28385 0.03438 0.07187
0 0.18438 0.29063 0.03906 0.07500
0 0.21953 0.28542 0.03594 0.07500
0 0.31055 0.36979 0.03672 0.07292
1 0.40742 0.44948 0.03516 0.07187
0 0.56992 0.61250 0.03359 0.06875
0 0.76484 0.77083 0.04063 0.08125
1 0.96680 0.85573 0.03672 0.07604
0 0.66953 0.93021 0.03594 0.07292
0 0.88594 0.85000 0.03281 0.07708
0 0.85391 0.84531 0.03438 0.07187
0 0.80312 0.76667 0.03750 0.07292
0 0.74336 0.69792 0.04141 0.08542
0 0.60000 0.61094 0.03125 0.07604
0 0.40703 0.36927 0.03750 0.07396
0 0.30391 0.28958 0.03906 0.07708
0 0.26406 0.28333 0.04375 0.08333
0 0.20898 0.20260 0.03672 0.07604
0 0.17344 0.20729 0.03750 0.08542
0 0.08672 0.20417 0.03906 0.07500
0 0.95703 0.94375 0.03594 0.06875
