1 0.48008 0.82083 0.03359 0.07083
1 0.21055 0.84427 0.03359 0.07604
1 0.23477 0.59167 0.03516 0.06875
1 0.48555 0.91042 0.02578 0.05833
1 0.33867 0.90833 0.03047 0.06250
1 0.69258 0.35885 0.03203 0.06354
1 0.65430 0.19479 0.03047 0.05833
1 0.69297 0.19948 0.03438 0.06146
1 0.50977 0.28646 0.03359 0.07083
0 0.65312 0.29115 0.03438 0.06979
0 0.39375 0.20677 0.02969 0.06979
0 0.56641 0.20312 0.03438 0.07500
0 0.75195 0.27344 0.03359 0.06771
0 0.75820 0.20052 0.02891 0.06563
1 0.87695 0.18958 0.03359 0.07708
1 0.78516 0.89271 0.03594 0.06667
1 0.74883 0.89740 0.03203 0.06354
1 0.60586 0.90000 0.03359 0.07292
1 0.51289 0.82812 0.03516 0.07083
1 0.68398 0.88646 0.03359 0.06875
1 0.49766 0.19531 0.03438 0.07396
0 0.56758 0.28698 0.03203 0.06771
1 0.77734 0.35260 0.02656 0.06771
0 0.69492 0.27656 0.03516 0.07396
0 0.78945 0.19948 0.03047 0.06771
0 0.85469 0.35313 0.03125 0.06458
0 0.60234 0.19062 0.04375 0.07083
1 0.46992 0.20469 0.03359 0.07187
0 0.42070 0.19844 0.03203 0.07187
0 0.47734 0.35938 0.03281 0.05833
1 0.75430 0.42604 0.03203 0.05417
1 0.78242 0.43073 0.03672 0.06146
0 0.60000 0.28646 0.02969 0.06458
0 0.89062 0.35104 0.03281 0.06667
1 0.38594 0.28125 0.02969 0.06875
1 0.86992 0.42292 0.03203 0.06875
1 0.83906 0.43125 0.03125 0.07083
1 0.65898 0.43542 0.03516 0.06875
1 0.57031 0.36042 0.03125 0.07083
1 0.47734 0.28646 0.03438 0.07083
1 0.41367 0.27656 0.02891 0.07187
1 0.33047 0.20885 0.03906 0.07604
1 0.29336 0.20521 0.03516 0.08542
1 0.30352 0.68281 0.03047 0.06563
1 0.20625 0.76198 0.03594 0.06979
1 0.59727 0.66667 0.03203 0.06458
0 0.10391 0.68802 0.03281 0.06771
0 0.60000 0.51615 0.02969 0.06354
1 0.66094 0.51302 0.03594 0.06771
1 0.93203 0.58437 0.02969 0.06458
1 0.41641 0.36719 0.03594 0.07396
0 0.13320 0.68854 0.03359 0.06667
1 0.10195 0.52448 0.03203 0.07396
1 0.85625 0.66875 0.03438 0.06250
1 0.24375 0.83958 0.03125 0.05833
0 0.20078 0.52083 0.03750 0.07083
0 0.24141 0.51458 0.03906 0.07083
0 0.42148 0.75260 0.03516 0.07396
0 0.47617 0.75156 0.03203 0.06146
1 0.38594 0.67083 0.02969 0.07292
1 0.83906 0.51406 0.03438 0.07604
0 0.75352 0.58385 0.03047 0.06563
1 0.57266 0.43594 0.03281 0.06563
0 0.50938 0.51927 0.03125 0.06354
0 0.29609 0.36198 0.02969 0.06146
1 0.87852 0.58281 0.03203 0.06771
0 0.84531 0.73958 0.02969 0.06458
1 0.50586 0.43750 0.03203 0.06875
1 0.84375 0.19635 0.03594 0.07812
0 0.13984 0.76823 0.03906 0.08229
0 0.10117 0.77552 0.03516 0.08854
1 0.37930 0.36510 0.03672 0.07812
1 0.60234 0.43906 0.03125 0.06771
1 0.11250 0.92500 0.02969 0.06667
1 0.14062 0.93073 0.02969 0.06354
1 0.19844 0.91146 0.03125 0.06250
1 0.23320 0.91354 0.03516 0.06458
1 0.30586 0.90833 0.03203 0.06042
0 0.13437 0.84948 0.04375 0.08021
1 0.33281 0.68021 0.03125 0.06250
1 0.30352 0.60313 0.03359 0.07083
1 0.23477 0.45156 0.03359 0.06146
0 0.38906 0.76094 0.03125 0.06563
1 0.20156 0.60573 0.03125 0.06771
1 0.13437 0.52969 0.03281 0.07396
1 0.09336 0.44740 0.03516 0.07396
1 0.42539 0.59323 0.02891 0.06146
1 0.57891 0.87448 0.03438 0.07812
0 0.42578 0.83021 0.03594 0.06667
1 0.58164 0.81250 0.03203 0.05625
0 0.50938 0.74844 0.03281 0.06771
1 0.41758 0.66823 0.03203 0.07187
1 0.34141 0.60417 0.03438 0.07083
0 0.12070 0.37448 0.03516 0.07187
1 0.61680 0.81250 0.03047 0.06250
0 0.67422 0.81875 0.03281 0.07083
0 0.59688 0.73958 0.03281 0.06875
0 0.56680 0.74531 0.03047 0.06354
1 0.51328 0.67812 0.03281 0.06875
1 0.48359 0.67917 0.03125 0.07083
1 0.39531 0.59479 0.03281 0.06667
0 0.33477 0.52865 0.03359 0.07396
0 0.30000 0.53073 0.03281 0.07396
1 0.19961 0.44688 0.03828 0.07917
0 0.70703 0.81875 0.03438 0.07292
0 0.32695 0.36406 0.03203 0.07187
1 0.69766 0.59375 0.03438 0.07292
1 0.56758 0.66979 0.03203 0.06042
1 0.22266 0.19531 0.03906 0.08021
1 0.69258 0.43385 0.03359 0.06771
1 0.78203 0.50990 0.03438 0.06354
0 0.78164 0.58385 0.03203 0.06771
1 0.69336 0.66719 0.03359 0.06771
1 0.09062 0.27396 0.03906 0.08333
0 0.75430 0.74219 0.03047 0.05937
1 0.66758 0.58542 0.03516 0.07083
1 0.47578 0.44167 0.03125 0.06458
0 0.48047 0.51094 0.02969 0.05937
0 0.56797 0.51510 0.03281 0.06354
1 0.69805 0.51094 0.03828 0.06354
1 0.74492 0.51146 0.03672 0.06042
1 0.93906 0.50417 0.03125 0.05833
1 0.51133 0.90573 0.03203 0.06563
1 0.23711 0.69010 0.03516 0.07187
0 0.08984 0.36979 0.02969 0.07292
1 0.12891 0.44844 0.03594 0.07187
1 0.30078 0.75521 0.02969 0.06458
1 0.33008 0.75938 0.03047 0.06458
0 0.38867 0.83125 0.03516 0.06875
0 0.38867 0.90990 0.02891 0.06354
1 0.33047 0.83177 0.03281 0.06979
1 0.29766 0.83333 0.03281 0.07083
1 0.23945 0.76250 0.03516 0.07292
1 0.20234 0.68437 0.02969 0.06875
1 0.14492 0.60469 0.03516 0.06563
1 0.10664 0.60729 0.03672 0.06875
0 0.19023 0.28333 0.03828 0.07708
1 0.38906 0.44688 0.03281 0.06250
0 0.57617 0.59010 0.03047 0.06146
1 0.96367 0.81719 0.03359 0.06563
0 0.41758 0.90260 0.02891 0.05729
0 0.75117 0.81302 0.02891 0.06354
1 0.69375 0.73958 0.03594 0.07500
1 0.66016 0.66823 0.03438 0.06979
1 0.41758 0.44583 0.03047 0.06458
0 0.60703 0.58906 0.03281 0.05937
0 0.76406 0.66146 0.03125 0.07083
1 0.92383 0.81771 0.03047 0.06250
1 0.94023 0.89531 0.03516 0.06563
0 0.83789 0.88542 0.02734 0.06875
1 0.66289 0.74375 0.03672 0.06667
0 0.51602 0.59740 0.03203 0.06563
0 0.48516 0.59531 0.02969 0.06771
1 0.42695 0.52031 0.03359 0.06979
1 0.39141 0.52448 0.03594 0.07187
1 0.32500 0.44740 0.03281 0.07604
1 0.28945 0.44115 0.03516 0.08646
1 0.22734 0.36510 0.03281 0.06771
1 0.19531 0.36875 0.03281 0.07292
1 0.12891 0.28490 0.03594 0.07604
0 0.08867 0.20052 0.03516 0.07812
0 0.12148 0.20625 0.03672 0.08542
1 0.18438 0.19427 0.04219 0.08229
0 0.22969 0.28281 0.03750 0.07187
1 0.29180 0.28802 0.03828 0.07396
1 0.32930 0.28281 0.03828 0.07604
0 0.50859 0.36146 0.03125 0.06458
1 0.59961 0.36510 0.03047 0.06979
1 0.65625 0.35885 0.02969 0.05937
1 0.75078 0.35469 0.02969 0.06979
0 0.78398 0.27708 0.03516 0.07292
0 0.85586 0.27917 0.03359 0.06458
1 0.92266 0.26875 0.03125 0.06875
0 0.96562 0.65833 0.03438 0.06250
1 0.96328 0.58698 0.02969 0.06146
1 0.96914 0.50000 0.03203 0.06250
1 0.95312 0.42917 0.03438 0.06875
1 0.95625 0.34896 0.03281 0.07292
1 0.96406 0.18594 0.02969 0.06771
1 0.93125 0.19167 0.03281 0.06042
0 0.86992 0.88698 0.03984 0.05729
1 0.96445 0.73698 0.02891 0.06563
1 0.93125 0.74375 0.03750 0.06875
0 0.92891 0.66042 0.03281 0.06250
1 0.88828 0.66667 0.02969 0.06458
0 0.87227 0.74115 0.02891 0.06146
0 0.87344 0.81458 0.03438 0.06667
0 0.84688 0.80833 0.03906 0.05833
0 0.78203 0.81250 0.03438 0.06458
0 0.78320 0.74062 0.03047 0.06042
1 0.84219 0.59271 0.03125 0.06042
1 0.86914 0.50208 0.03359 0.07708
1 0.92031 0.42240 0.03281 0.06563
1 0.92578 0.35156 0.03906 0.06979
1 0.95625 0.26615 0.03750 0.06771
