1 0.59844 0.82865 0.02969 0.06146
1 0.39180 0.91719 0.03516 0.07187
1 0.20078 0.77083 0.03906 0.08333
1 0.21992 0.84635 0.03359 0.07187
1 0.74570 0.83333 0.03672 0.07917
1 0.09883 0.84688 0.03984 0.09167
1 0.12070 0.77240 0.03672 0.06771
1 0.13750 0.85156 0.04219 0.08438
1 0.42578 0.91458 0.03438 0.07292
1 0.96289 0.82135 0.03203 0.07812
1 0.20781 0.93073 0.03594 0.08021
1 0.24336 0.92760 0.03828 0.06771
1 0.65039 0.83073 0.03359 0.07187
1 0.33008 0.91458 0.03047 0.06458
1 0.18984 0.84583 0.03125 0.06875
1 0.10938 0.93437 0.03125 0.06458
1 0.13750 0.93333 0.03281 0.06667
1 0.83359 0.20104 0.03750 0.08125
0 0.78398 0.20990 0.03359 0.08646
1 0.69492 0.20156 0.03828 0.08438
0 0.87031 0.28594 0.03594 0.07812
1 0.57070 0.82917 0.03203 0.06250
1 0.65000 0.90729 0.03438 0.06875
1 0.68750 0.90938 0.04063 0.07708
0 0.96289 0.20521 0.02891 0.07500
1 0.50820 0.21354 0.03516 0.07500
1 0.47422 0.21667 0.02969 0.05208
0 0.56563 0.21094 0.04219 0.08229
0 0.93359 0.20208 0.03594 0.07708
1 0.86875 0.20417 0.03750 0.08333
0 0.83789 0.28646 0.03672 0.07292
1 0.78438 0.28385 0.03594 0.06979
1 0.74492 0.28437 0.03672 0.07917
0 0.68945 0.28906 0.03359 0.07187
1 0.95820 0.36458 0.03359 0.07292
0 0.92773 0.44844 0.03203 0.07187
0 0.95703 0.44323 0.02969 0.06979
0 0.87109 0.44479 0.02813 0.07500
1 0.92578 0.37031 0.03438 0.07604
0 0.60313 0.20208 0.04063 0.09375
1 0.96406 0.73802 0.03281 0.06979
0 0.75117 0.20677 0.03516 0.08438
1 0.66055 0.20312 0.04297 0.09375
0 0.65664 0.29323 0.03672 0.07396
0 0.59648 0.28646 0.03516 0.07708
1 0.20234 0.68906 0.03125 0.05937
0 0.42109 0.21250 0.03906 0.09375
0 0.38672 0.20781 0.03750 0.09271
1 0.68633 0.44531 0.02891 0.06354
1 0.10078 0.61510 0.03125 0.06771
0 0.10859 0.69531 0.03750 0.07812
1 0.13477 0.61771 0.03516 0.06458
0 0.09922 0.54219 0.03281 0.07812
1 0.10273 0.45625 0.03359 0.07292
1 0.47969 0.90469 0.02969 0.06146
1 0.51094 0.90312 0.02656 0.06042
1 0.56875 0.91563 0.03594 0.07083
1 0.60195 0.90885 0.03203 0.07187
0 0.14062 0.68854 0.02969 0.07292
1 0.59258 0.60208 0.03203 0.06667
1 0.31445 0.21875 0.02891 0.06458
0 0.55820 0.36771 0.03516 0.07500
0 0.59258 0.36667 0.03516 0.07708
1 0.65781 0.44635 0.03125 0.06354
1 0.57109 0.53021 0.03281 0.06875
1 0.47187 0.28385 0.03281 0.06979
1 0.65352 0.37240 0.03672 0.08229
1 0.47695 0.36302 0.03672 0.08646
0 0.39023 0.29167 0.03984 0.08125
1 0.50508 0.28906 0.03359 0.06563
1 0.82695 0.51615 0.03984 0.07812
1 0.83086 0.58333 0.03516 0.07083
0 0.51016 0.44427 0.03594 0.07396
0 0.42852 0.29896 0.03828 0.07292
0 0.56328 0.29323 0.03281 0.07187
1 0.68828 0.36771 0.03438 0.08333
1 0.74883 0.36562 0.03828 0.08125
0 0.84609 0.44323 0.03281 0.08438
1 0.86641 0.51823 0.03906 0.07396
1 0.92305 0.52344 0.03047 0.07812
1 0.95117 0.51719 0.03203 0.08021
0 0.92773 0.67344 0.03359 0.06979
0 0.42188 0.36875 0.03594 0.07500
0 0.96836 0.66771 0.03672 0.06875
1 0.38320 0.59740 0.03516 0.07812
1 0.32031 0.53542 0.03438 0.07708
1 0.74727 0.74844 0.03516 0.07396
1 0.77852 0.82500 0.03516 0.08125
1 0.92812 0.89687 0.03438 0.07500
0 0.95352 0.59323 0.03359 0.07396
0 0.91953 0.59740 0.03750 0.07396
1 0.86211 0.59010 0.03047 0.07396
0 0.86875 0.66615 0.03281 0.06146
0 0.83828 0.66510 0.02969 0.06354
1 0.51719 0.75365 0.03594 0.07187
0 0.38711 0.36667 0.03359 0.07292
1 0.28750 0.21875 0.02656 0.06250
0 0.60234 0.67969 0.03438 0.06979
0 0.60391 0.74948 0.02969 0.07187
1 0.32109 0.28958 0.03750 0.07917
1 0.51328 0.36667 0.04063 0.08333
0 0.56602 0.43958 0.03047 0.06250
0 0.59609 0.44219 0.03125 0.05937
0 0.65273 0.59167 0.03359 0.07083
0 0.66055 0.75104 0.03359 0.06667
1 0.41641 0.44688 0.03125 0.07292
0 0.20781 0.22240 0.03906 0.08854
1 0.42305 0.68021 0.03516 0.07292
1 0.32578 0.76562 0.03750 0.07708
1 0.29141 0.68750 0.03750 0.07917
1 0.23359 0.52292 0.02813 0.04583
0 0.22891 0.45417 0.03750 0.07917
0 0.18984 0.45417 0.03594 0.07917
1 0.20078 0.53177 0.03906 0.07187
1 0.23867 0.76719 0.04141 0.08646
1 0.30039 0.92083 0.02891 0.06250
0 0.29883 0.84375 0.03047 0.06875
0 0.29180 0.76250 0.03359 0.05417
0 0.23203 0.61302 0.03594 0.07396
0 0.19805 0.61094 0.03359 0.07396
1 0.13555 0.45677 0.03516 0.07812
1 0.12773 0.38073 0.03359 0.07396
1 0.09766 0.38333 0.02969 0.07500
0 0.47539 0.44427 0.03516 0.07604
0 0.32930 0.83802 0.03047 0.06563
1 0.38828 0.44375 0.02969 0.07292
1 0.41797 0.52552 0.03438 0.07812
0 0.39375 0.84792 0.03125 0.05833
0 0.19297 0.37708 0.03906 0.08542
1 0.28867 0.53490 0.03516 0.07604
1 0.28984 0.61302 0.03594 0.07812
1 0.32461 0.61615 0.03359 0.07812
1 0.38906 0.68385 0.03594 0.07396
0 0.42578 0.84531 0.03594 0.06354
0 0.42188 0.76615 0.03594 0.08438
0 0.39102 0.77292 0.03203 0.08125
1 0.32500 0.68906 0.03125 0.07187
1 0.23398 0.68490 0.03516 0.07187
0 0.13203 0.54896 0.03594 0.07917
0 0.09805 0.30208 0.04297 0.08542
1 0.50781 0.59688 0.03438 0.07292
0 0.56719 0.67969 0.03750 0.07604
0 0.57461 0.75156 0.03047 0.07187
0 0.47891 0.81406 0.03125 0.05729
1 0.48242 0.75156 0.03359 0.06771
1 0.47187 0.67708 0.03594 0.07708
1 0.41680 0.59948 0.03516 0.07396
1 0.28789 0.45260 0.03516 0.07812
1 0.93281 0.74635 0.03594 0.07396
0 0.77891 0.51094 0.03281 0.06354
0 0.74570 0.51354 0.03359 0.06667
1 0.74922 0.59896 0.03125 0.06875
1 0.77930 0.59531 0.03203 0.07812
0 0.51055 0.83229 0.03516 0.06458
0 0.69453 0.74896 0.03438 0.07500
1 0.28242 0.29792 0.03828 0.07500
1 0.60156 0.52292 0.03125 0.06875
1 0.65234 0.51927 0.03125 0.06771
0 0.65977 0.67604 0.03984 0.08750
1 0.56172 0.60052 0.03125 0.06771
0 0.47227 0.51979 0.03672 0.07500
1 0.21953 0.29948 0.03438 0.07187
1 0.32109 0.36927 0.03906 0.07812
1 0.93164 0.82240 0.03516 0.07604
1 0.95820 0.89531 0.03359 0.06979
1 0.93203 0.28281 0.04375 0.07604
0 0.86758 0.36667 0.03516 0.07500
0 0.83281 0.36562 0.03906 0.08125
1 0.78398 0.36354 0.03828 0.08125
1 0.77148 0.44323 0.03516 0.07187
1 0.73945 0.44271 0.03516 0.07500
1 0.68203 0.52240 0.03594 0.07812
0 0.68633 0.59479 0.03516 0.07083
0 0.74258 0.66979 0.03203 0.06875
0 0.77305 0.67031 0.03359 0.06771
1 0.82930 0.74740 0.03984 0.06979
1 0.86836 0.74375 0.03672 0.08125
0 0.86094 0.81927 0.03594 0.07396
1 0.47539 0.59948 0.03203 0.07187
1 0.38594 0.52292 0.03438 0.07708
0 0.13242 0.21094 0.03672 0.08646
0 0.09883 0.21250 0.03672 0.08542
1 0.18789 0.29792 0.03359 0.07292
0 0.50703 0.51927 0.03438 0.06563
0 0.69648 0.66979 0.03828 0.07500
1 0.78008 0.74896 0.03203 0.07083
0 0.82891 0.82188 0.02969 0.07292
1 0.87148 0.89531 0.03672 0.08021
1 0.83594 0.90625 0.03906 0.07917
0 0.74766 0.91302 0.03281 0.07396
1 0.68398 0.83281 0.03516 0.07396
1 0.50742 0.66927 0.03672 0.07396
1 0.32227 0.45104 0.03672 0.07708
1 0.28359 0.37708 0.03750 0.07708
0 0.22930 0.37865 0.03672 0.07812
0 0.13711 0.29792 0.03984 0.08333
0 0.77812 0.91406 0.03281 0.07187
