1 0.78008 0.90521 0.03359 0.06458
1 0.97148 0.49948 0.03672 0.08021
1 0.39336 0.92552 0.03203 0.06354
1 0.49453 0.91771 0.03281 0.06875
1 0.87109 0.41927 0.03594 0.06563
1 0.39375 0.84479 0.03125 0.06667
1 0.10352 0.85521 0.03047 0.06250
1 0.36367 0.84583 0.02891 0.06667
1 0.36250 0.91563 0.02969 0.06250
1 0.46406 0.91927 0.03281 0.06146
1 0.06602 0.94375 0.02891 0.06042
1 0.09570 0.93698 0.03203 0.06146
1 0.68047 0.91615 0.02813 0.06146
1 0.65781 0.91510 0.02656 0.05937
1 0.87187 0.17292 0.03906 0.08750
0 0.94258 0.17396 0.03672 0.07708
1 0.38633 0.17396 0.03516 0.08750
1 0.65352 0.17969 0.03359 0.07812
0 0.86953 0.25833 0.03125 0.06667
1 0.93594 0.66354 0.03125 0.06667
0 0.93281 0.33594 0.03750 0.08021
0 0.83750 0.26302 0.03594 0.07396
1 0.65273 0.26302 0.02891 0.06354
0 0.59062 0.17760 0.03750 0.08229
0 0.55273 0.17448 0.03828 0.08021
1 0.48945 0.17292 0.03828 0.09375
0 0.96523 0.33490 0.03516 0.07812
1 0.97773 0.91458 0.03047 0.06250
1 0.74492 0.34687 0.03359 0.07708
1 0.49258 0.26615 0.03516 0.07187
1 0.35586 0.19062 0.03516 0.08750
1 0.78672 0.16667 0.03594 0.07708
1 0.75234 0.16719 0.03750 0.07604
1 0.68398 0.18646 0.03359 0.07500
1 0.59219 0.27500 0.03438 0.08333
1 0.45508 0.17448 0.03828 0.09688
1 0.97188 0.25729 0.03750 0.08750
1 0.93945 0.26406 0.04141 0.09062
1 0.84375 0.33854 0.03281 0.06875
1 0.96953 0.66406 0.03438 0.06771
1 0.83867 0.16615 0.03203 0.08229
0 0.78047 0.26510 0.03750 0.07396
1 0.77617 0.33646 0.03359 0.07917
0 0.09688 0.43906 0.03438 0.06979
1 0.98906 0.97448 0.02187 0.05104
0 0.74531 0.26823 0.03750 0.07604
1 0.68516 0.26406 0.03125 0.06354
0 0.17109 0.68698 0.03438 0.06563
0 0.36602 0.67552 0.03047 0.06771
0 0.67109 0.67135 0.03125 0.07604
1 0.45742 0.26875 0.03672 0.07292
0 0.65664 0.42083 0.03516 0.07083
0 0.48828 0.50885 0.02969 0.06771
1 0.36562 0.43281 0.02969 0.06979
1 0.93203 0.57656 0.03281 0.06771
0 0.78008 0.66979 0.03203 0.06667
1 0.55898 0.27135 0.03516 0.08438
1 0.91992 0.41667 0.03672 0.07083
1 0.95703 0.41354 0.03594 0.07292
1 0.93828 0.49896 0.03438 0.07500
1 0.27500 0.17396 0.04063 0.09375
1 0.83984 0.42708 0.03125 0.07917
1 0.17656 0.77448 0.02813 0.06563
0 0.09961 0.60208 0.03516 0.06875
1 0.07578 0.85208 0.02813 0.06250
0 0.06836 0.60156 0.03203 0.06771
0 0.26875 0.51562 0.03438 0.06667
1 0.55742 0.34792 0.03359 0.07083
0 0.07852 0.77344 0.02891 0.06771
0 0.10781 0.52135 0.03750 0.07187
1 0.49961 0.43333 0.03359 0.07500
1 0.96367 0.57865 0.03047 0.06979
1 0.48867 0.68073 0.03203 0.06563
1 0.46875 0.75885 0.03125 0.06771
1 0.31602 0.85313 0.03516 0.07708
1 0.20625 0.77187 0.03438 0.07083
0 0.16914 0.53177 0.03359 0.08854
0 0.07227 0.52500 0.03516 0.06875
1 0.07187 0.69115 0.03281 0.07396
0 0.10859 0.77656 0.03281 0.06563
1 0.10195 0.69271 0.03359 0.07500
1 0.96875 0.74219 0.02969 0.06146
1 0.59805 0.92031 0.03828 0.07396
1 0.56250 0.91667 0.03906 0.08958
0 0.17930 0.85573 0.03203 0.06354
1 0.27305 0.60313 0.03047 0.06875
0 0.30469 0.67760 0.03281 0.06771
1 0.37148 0.76198 0.03047 0.06563
1 0.40039 0.76146 0.02891 0.06458
1 0.46641 0.83906 0.03594 0.06771
1 0.49727 0.83646 0.03359 0.07083
0 0.56563 0.83958 0.02969 0.05625
1 0.58789 0.35573 0.02891 0.06354
1 0.76211 0.42344 0.03516 0.08854
1 0.93906 0.74687 0.02969 0.06250
1 0.87227 0.50104 0.03203 0.05833
0 0.59492 0.84219 0.03203 0.06563
1 0.56250 0.75625 0.02969 0.06667
0 0.40156 0.51458 0.02969 0.06042
1 0.15742 0.18438 0.04141 0.09375
0 0.74766 0.59010 0.03438 0.07187
0 0.26836 0.43438 0.03672 0.07708
0 0.56680 0.42604 0.03516 0.07083
0 0.58867 0.50781 0.02734 0.06563
1 0.64336 0.59219 0.03203 0.06771
1 0.68320 0.74896 0.02891 0.06667
0 0.58984 0.67552 0.03125 0.06771
1 0.45430 0.59688 0.04141 0.07292
0 0.19687 0.34844 0.03438 0.06979
1 0.65547 0.75156 0.03125 0.06563
1 0.46523 0.34687 0.03047 0.07708
0 0.68945 0.42292 0.03359 0.07083
1 0.84336 0.50677 0.03047 0.05729
0 0.78281 0.83333 0.02969 0.05833
1 0.78477 0.74844 0.02891 0.06563
1 0.39805 0.42812 0.03984 0.06667
0 0.84609 0.66667 0.03438 0.06875
0 0.84375 0.83125 0.03438 0.07292
0 0.16719 0.35781 0.03281 0.05521
1 0.06484 0.27708 0.03281 0.06667
1 0.78008 0.50729 0.03359 0.06667
1 0.83672 0.57708 0.03594 0.06875
1 0.86992 0.58490 0.03203 0.06979
1 0.87656 0.66823 0.02656 0.05937
1 0.55664 0.59271 0.03359 0.06875
0 0.29453 0.35208 0.03125 0.07292
0 0.26641 0.34948 0.03125 0.06979
0 0.60000 0.42604 0.03594 0.07083
1 0.74805 0.50729 0.03203 0.06875
1 0.75742 0.75104 0.02891 0.06250
0 0.65859 0.67656 0.04219 0.07812
1 0.49492 0.59792 0.03828 0.07500
0 0.46055 0.51094 0.02891 0.06146
0 0.37305 0.50990 0.02891 0.06354
0 0.30234 0.42865 0.03438 0.07396
1 0.19297 0.17917 0.04063 0.09167
0 0.65977 0.34115 0.03984 0.08854
1 0.74922 0.90521 0.03125 0.06458
0 0.64531 0.83229 0.03125 0.06667
1 0.49883 0.75677 0.03203 0.06979
0 0.39687 0.68542 0.03281 0.06875
1 0.36211 0.59740 0.02891 0.06771
0 0.30117 0.51510 0.03828 0.06771
1 0.87773 0.33854 0.03672 0.07917
0 0.65820 0.50260 0.03984 0.08438
0 0.21289 0.85208 0.03359 0.06875
1 0.17461 0.93229 0.03359 0.06458
1 0.20859 0.93385 0.03594 0.06563
0 0.97266 0.83073 0.02969 0.05937
0 0.20625 0.68646 0.03594 0.06458
0 0.07422 0.35000 0.03438 0.07917
0 0.19453 0.52187 0.03438 0.08125
0 0.27344 0.68385 0.03281 0.06771
0 0.29727 0.77031 0.03359 0.06771
0 0.27852 0.92917 0.03203 0.06458
1 0.27930 0.84635 0.04141 0.07812
0 0.26641 0.76875 0.03438 0.06667
1 0.19297 0.60156 0.03750 0.08021
1 0.18789 0.44062 0.03516 0.08333
0 0.10664 0.35573 0.03672 0.08438
1 0.34531 0.27292 0.03750 0.08542
1 0.37969 0.26146 0.03594 0.08333
1 0.49570 0.34896 0.03359 0.08125
0 0.69258 0.50365 0.03516 0.08438
0 0.77695 0.57760 0.03203 0.06771
0 0.94453 0.83594 0.02969 0.05729
1 0.94766 0.91042 0.03281 0.06875
0 0.30859 0.92708 0.03125 0.06458
0 0.75430 0.82969 0.03047 0.06146
0 0.67266 0.82552 0.03438 0.06563
1 0.59336 0.76250 0.03047 0.05625
0 0.55898 0.67188 0.03203 0.06875
1 0.45898 0.67760 0.03047 0.06771
1 0.38906 0.60052 0.02813 0.06771
1 0.30430 0.59896 0.03359 0.06667
0 0.06367 0.43281 0.03047 0.06979
1 0.09727 0.28177 0.03672 0.06354
1 0.87305 0.74427 0.03203 0.07396
0 0.85898 0.92240 0.02734 0.05729
0 0.87500 0.83021 0.03438 0.07292
1 0.84297 0.74844 0.03125 0.06771
0 0.74648 0.66823 0.03359 0.06563
1 0.67383 0.58906 0.03516 0.06979
1 0.59062 0.58854 0.03750 0.07500
0 0.56094 0.51146 0.02969 0.06667
1 0.46719 0.43281 0.03281 0.07604
1 0.38867 0.34687 0.03516 0.07292
1 0.35703 0.34792 0.03281 0.07292
1 0.29414 0.25990 0.03359 0.07396
1 0.26445 0.26771 0.03359 0.07500
1 0.16797 0.27500 0.03594 0.08333
1 0.08789 0.19271 0.03828 0.09375
1 0.05547 0.19323 0.03750 0.09062
0 0.88477 0.91354 0.02891 0.06250
